,Date,Open,High,Low,Close
2700,2015-01-05,27.99,28.14,27.85,27.99
2699,2015-01-06,27.99,28.28,27.7,27.99
2698,2015-01-07,27.99,28.72,27.99,28.57
2697,2015-01-08,28.57,28.87,28.43,28.72
2696,2015-01-09,29.01,30.03,28.87,30.03
2695,2015-01-12,30.03,30.03,29.16,29.16
2694,2015-01-13,29.16,29.74,29.01,29.74
2693,2015-01-14,30.03,30.03,29.16,29.45
2692,2015-01-15,29.45,29.45,29.01,29.16
2691,2015-01-16,29.16,29.16,29.01,29.16
2690,2015-01-19,29.16,29.16,28.87,29.01
2689,2015-01-20,28.72,29.45,28.72,29.16
2688,2015-01-21,29.45,29.74,29.01,29.16
2687,2015-01-22,29.16,29.45,29.01,29.01
2686,2015-01-23,29.16,29.45,28.87,29.16
2685,2015-01-26,29.16,29.45,29.01,29.01
2684,2015-01-27,29.01,30.32,29.01,29.74
2683,2015-01-28,29.45,30.03,29.45,29.45
2682,2015-01-29,29.45,30.62,29.45,30.62
2681,2015-01-30,30.32,30.62,30.03,30.32
2680,2015-02-02,30.32,30.62,30.03,30.03
2679,2015-02-03,30.03,30.32,29.45,29.45
2678,2015-02-04,29.45,30.03,29.16,30.03
2677,2015-02-05,30.03,30.62,29.74,30.03
2676,2015-02-06,30.03,30.32,30.03,30.03
2675,2015-02-09,30.03,30.32,29.74,30.32
2674,2015-02-10,30.03,30.32,30.03,30.03
2673,2015-02-11,30.03,30.62,30.03,30.62
2672,2015-02-12,30.32,30.62,30.32,30.62
2671,2015-02-13,30.62,30.91,30.32,30.91
2670,2015-02-24,30.91,31.2,30.91,31.2
2669,2015-02-25,31.2,31.78,31.2,31.78
2668,2015-02-26,31.78,32.07,31.49,31.49
2667,2015-02-27,31.78,31.78,31.2,31.49
2666,2015-03-02,31.49,31.78,31.2,31.2
2665,2015-03-03,31.2,31.49,30.91,31.49
2664,2015-03-04,31.49,31.78,31.2,31.78
2663,2015-03-05,31.78,31.78,31.2,31.49
2662,2015-03-06,31.49,31.78,31.2,31.2
2661,2015-03-09,31.2,31.49,31.2,31.2
2660,2015-03-10,31.2,31.49,31.2,31.49
2659,2015-03-11,31.49,31.78,31.2,31.49
2658,2015-03-12,31.49,31.78,31.2,31.78
2657,2015-03-13,31.49,31.78,31.2,31.49
2656,2015-03-16,31.49,31.78,31.49,31.78
2655,2015-03-17,31.78,31.78,31.49,31.78
2654,2015-03-18,31.49,31.78,31.49,31.78
2653,2015-03-19,31.49,31.78,31.2,31.49
2652,2015-03-20,31.2,31.49,31.2,31.2
2651,2015-03-23,31.2,31.49,30.91,31.2
2650,2015-03-24,31.2,31.2,30.91,31.2
2649,2015-03-25,31.2,31.2,30.62,31.2
2648,2015-03-26,30.91,31.2,30.62,31.2
2647,2015-03-27,30.91,31.2,30.62,30.62
2646,2015-03-30,30.91,30.91,30.32,30.62
2645,2015-03-31,30.62,30.91,30.32,30.91
2644,2015-04-01,30.91,30.91,30.32,30.62
2643,2015-04-02,30.32,30.91,30.32,30.91
2642,2015-04-03,30.62,30.91,30.32,30.62
2641,2015-04-06,30.62,30.91,30.32,30.32
2640,2015-04-07,30.32,30.91,30.32,30.91
2639,2015-04-08,30.91,31.2,30.91,30.91
2638,2015-04-09,30.91,31.2,30.91,30.91
2637,2015-04-10,30.91,31.78,30.91,31.49
2636,2015-04-13,32.07,32.37,31.49,32.07
2635,2015-04-14,32.37,32.37,31.78,32.07
2634,2015-04-15,32.07,32.07,31.49,31.78
2633,2015-04-16,31.78,31.78,31.49,31.49
2632,2015-04-17,31.49,31.78,31.49,31.49
2631,2015-04-20,31.78,31.78,31.2,31.49
2630,2015-04-21,31.49,31.78,31.2,31.49
2629,2015-04-22,31.49,31.78,31.2,31.49
2628,2015-04-23,31.49,31.78,31.49,31.49
2627,2015-04-24,31.78,31.78,31.49,31.78
2626,2015-04-27,31.78,31.78,31.49,31.49
2625,2015-05-04,31.2,31.49,30.91,30.91
2624,2015-05-05,30.91,30.91,30.32,30.91
2623,2015-05-06,30.91,31.2,30.62,30.91
2622,2015-05-07,30.91,31.49,30.62,30.91
2621,2015-05-08,30.91,31.2,30.91,30.91
2620,2015-05-11,30.91,31.2,30.62,30.91
2619,2015-05-12,30.91,31.2,30.62,30.62
2618,2015-05-13,30.62,30.91,30.62,30.62
2617,2015-05-14,30.62,30.91,30.32,30.62
2616,2015-05-15,30.62,30.91,30.32,30.62
2615,2015-05-18,30.32,30.62,30.03,30.62
2614,2015-05-19,30.32,30.62,30.32,30.62
2613,2015-05-20,30.32,31.2,30.32,31.2
2612,2015-05-21,31.2,31.2,30.62,30.91
2611,2015-05-22,30.91,31.2,30.91,31.2
2610,2015-05-25,31.2,31.2,30.62,30.91
2609,2015-05-26,30.91,30.91,30.62,30.91
2608,2015-05-27,30.62,30.91,30.62,30.91
2607,2015-05-28,30.62,30.91,30.62,30.91
2606,2015-05-29,30.91,30.91,30.62,30.62
2605,2015-06-01,30.91,31.2,30.62,30.91
2604,2015-06-02,30.91,30.91,30.62,30.91
2603,2015-06-03,30.91,31.2,30.62,30.91
2602,2015-06-04,30.91,31.49,30.91,31.2
2601,2015-06-05,31.2,31.49,30.91,31.2
2600,2015-06-08,31.2,31.49,31.2,31.49
2599,2015-06-09,31.49,31.49,31.2,31.2
2598,2015-06-10,31.2,31.49,30.91,31.2
2597,2015-06-11,31.2,31.49,31.2,31.49
2596,2015-06-12,31.49,31.79,31.19,31.49
2595,2015-06-15,31.19,31.49,31.19,31.49
2594,2015-06-16,31.49,31.49,30.9,31.19
2593,2015-06-17,31.19,31.49,30.9,31.19
2592,2015-06-18,31.19,31.49,31.19,31.49
2591,2015-06-19,31.79,32.08,31.49,31.79
2590,2015-06-22,32.08,33.27,32.08,33.27
2589,2015-06-23,33.27,33.57,32.68,32.98
2588,2015-06-24,32.68,32.98,32.38,32.38
2587,2015-06-25,32.38,32.98,32.08,32.98
2586,2015-06-26,32.68,34.46,32.68,33.87
2585,2015-06-29,33.87,34.16,33.57,33.87
2584,2015-06-30,33.57,33.87,33.27,33.57
2583,2015-07-01,33.57,34.16,33.57,33.87
2582,2015-07-02,33.87,34.16,33.57,33.87
2581,2015-07-03,33.87,34.16,33.57,34.16
2580,2015-07-06,34.16,35.05,34.16,34.46
2579,2015-07-07,34.46,34.76,34.16,34.76
2578,2015-07-08,34.76,34.76,33.87,34.16
2577,2015-07-09,33.87,34.46,33.87,34.16
2576,2015-07-10,34.16,34.46,33.87,34.16
2575,2015-07-13,34.76,34.76,34.46,34.76
2574,2015-07-14,34.76,35.05,34.46,35.05
2573,2015-07-15,35.05,35.35,34.76,35.05
2572,2015-07-16,35.05,35.05,34.46,34.76
2571,2015-07-17,34.76,35.05,34.46,34.76
2570,2015-07-20,34.76,34.76,34.16,34.46
2569,2015-07-21,34.46,34.76,34.46,34.76
2568,2015-07-22,34.76,35.35,34.46,35.35
2567,2015-07-23,35.65,36.84,35.65,36.24
2566,2015-07-24,36.54,36.54,35.95,36.24
2565,2015-07-27,35.95,36.24,35.65,36.24
2564,2015-07-28,36.24,36.54,35.95,35.95
2563,2015-07-29,35.95,36.24,35.65,35.95
2562,2015-07-30,35.95,35.95,35.35,35.35
2561,2015-07-31,35.35,35.95,35.05,35.65
2560,2015-08-03,35.65,35.65,35.05,35.35
2559,2015-08-04,35.35,35.35,34.76,34.76
2558,2015-08-05,35.07,35.62,35.07,35.44
2557,2015-08-06,35.62,36.36,35.44,35.81
2556,2015-08-07,35.99,36.91,35.81,36.91
2555,2015-08-10,37.65,39.5,37.65,39.5
2554,2015-08-11,39.87,40.23,38.76,38.76
2553,2015-08-12,38.39,38.76,37.65,38.02
2552,2015-08-13,38.02,38.76,37.65,38.76
2551,2015-08-14,38.76,39.5,38.39,38.76
2550,2015-08-17,38.76,38.76,37.65,38.02
2549,2015-08-18,38.02,38.39,37.28,38.02
2548,2015-08-19,37.65,38.39,37.28,38.39
2547,2015-08-20,38.02,38.39,37.65,37.65
2546,2015-08-21,36.91,37.28,36.17,37.28
2545,2015-08-24,36.73,36.73,34.7,34.88
2544,2015-08-25,33.96,36.36,33.96,35.44
2543,2015-08-26,35.62,37.28,35.62,36.91
2542,2015-08-27,37.28,37.28,36.54,36.73
2541,2015-08-28,36.91,37.28,36.54,37.28
2540,2015-08-31,37.28,38.02,36.73,36.91
2539,2015-09-01,36.91,37.28,36.73,36.73
2538,2015-09-03,36.73,36.91,36.17,36.54
2537,2015-09-04,36.54,36.54,36.17,36.36
2536,2015-09-07,36.17,36.36,35.81,35.81
2535,2015-09-08,35.62,36.17,35.62,35.81
2534,2015-09-09,36.17,36.17,35.81,35.99
2533,2015-09-10,36.17,36.91,35.99,36.73
2532,2015-09-11,36.73,36.91,36.36,36.36
2531,2015-09-14,36.17,36.36,35.99,35.99
2530,2015-09-15,35.99,36.36,35.81,35.99
2529,2015-09-16,35.99,36.17,35.81,35.99
2528,2015-09-17,35.99,36.17,35.81,35.99
2527,2015-09-18,36.17,36.54,36.17,36.36
2526,2015-09-21,36.36,36.73,36.17,36.54
2525,2015-09-22,36.54,37.65,36.54,37.65
2524,2015-09-23,37.65,38.39,37.28,37.28
2523,2015-09-24,37.28,37.28,36.91,36.91
2522,2015-09-25,36.91,37.28,36.73,37.28
2521,2015-09-28,37.28,38.02,37.28,37.65
2520,2015-09-29,37.28,37.28,36.73,36.91
2519,2015-09-30,36.91,37.65,36.91,36.91
2518,2015-10-01,36.91,37.28,36.91,37.28
2517,2015-10-02,36.91,37.28,36.91,37.28
2516,2015-10-05,37.28,38.39,36.91,38.02
2515,2015-10-06,38.39,38.76,37.65,38.02
2514,2015-10-07,37.65,38.02,37.28,37.65
2513,2015-10-08,37.65,38.02,37.28,37.28
2512,2015-10-09,37.28,38.02,37.28,37.28
2511,2015-10-12,37.28,37.65,36.91,37.28
2510,2015-10-13,37.28,37.65,37.28,37.65
2509,2015-10-14,39.13,40.23,38.76,39.13
2508,2015-10-15,39.13,39.13,38.39,38.76
2507,2015-10-16,38.76,39.87,38.76,39.13
2506,2015-10-19,39.5,41.34,39.13,40.97
2505,2015-10-20,41.34,42.45,40.97,41.34
2504,2015-10-21,40.97,42.08,40.97,41.71
2503,2015-10-22,41.34,42.08,41.34,42.08
2502,2015-10-23,42.08,42.45,41.71,42.45
2501,2015-10-26,42.82,43.19,41.71,41.71
2500,2015-10-27,42.08,42.45,41.71,42.08
2499,2015-10-28,42.45,42.82,42.08,42.08
2498,2015-10-29,42.45,43.93,42.45,43.93
2497,2015-10-30,43.93,44.3,43.19,43.56
2496,2015-11-02,43.56,43.93,42.82,43.19
2495,2015-11-03,44.66,45.77,43.93,45.4
2494,2015-11-04,45.77,46.14,45.4,45.4
2493,2015-11-05,45.77,47.62,45.4,47.25
2492,2015-11-06,47.25,49.09,46.88,47.62
2491,2015-11-09,47.62,47.99,46.51,46.88
2490,2015-11-10,46.88,47.62,46.51,47.25
2489,2015-11-11,46.88,48.72,46.88,47.99
2488,2015-11-12,48.36,48.72,47.25,48.72
2487,2015-11-13,48.72,50.94,48.72,50.57
2486,2015-11-16,50.57,51.68,50.57,51.68
2485,2015-11-17,51.68,51.68,49.09,49.46
2484,2015-11-18,49.09,49.83,47.99,48.72
2483,2015-11-19,48.72,49.46,47.99,47.99
2482,2015-11-20,47.99,49.09,47.99,48.36
2481,2015-11-23,49.09,49.09,46.51,46.88
2480,2015-11-24,46.88,47.25,44.66,45.4
2479,2015-11-25,45.03,46.51,44.3,46.14
2478,2015-11-26,46.14,46.51,45.4,45.4
2477,2015-11-27,45.4,46.88,45.4,45.77
2476,2015-11-30,46.14,46.51,45.4,45.77
2475,2015-12-01,45.77,45.77,44.66,45.03
2474,2015-12-02,44.66,45.77,44.66,45.4
2473,2015-12-03,45.4,45.77,44.66,45.4
2472,2015-12-04,45.4,45.4,44.66,45.4
2471,2015-12-07,45.03,45.4,44.3,44.3
2470,2015-12-08,44.3,46.14,43.56,46.14
2469,2015-12-09,46.14,46.88,45.4,45.4
2468,2015-12-10,45.4,46.14,45.03,45.4
2467,2015-12-11,45.4,46.14,45.03,45.4
2466,2015-12-14,45.4,46.14,45.03,45.77
2465,2015-12-15,45.77,46.88,45.77,46.51
2464,2015-12-16,46.88,47.62,46.51,47.25
2463,2015-12-17,47.25,47.62,46.88,47.25
2462,2015-12-18,47.25,47.62,46.88,47.25
2461,2015-12-21,47.25,47.25,46.14,46.14
2460,2015-12-22,46.51,46.88,46.14,46.14
2459,2015-12-23,46.14,46.14,45.4,45.77
2458,2015-12-24,45.77,46.14,45.4,46.14
2457,2015-12-25,45.77,46.14,45.4,45.77
2456,2015-12-28,46.14,47.25,45.77,46.88
2455,2015-12-29,46.88,46.88,46.14,46.88
2454,2015-12-30,46.88,47.25,46.51,46.88
2453,2015-12-31,46.51,47.99,46.51,47.25
2452,2016-01-04,47.25,47.25,46.14,46.51
2451,2016-01-05,46.51,46.88,46.14,46.14
2450,2016-01-06,46.14,46.51,45.77,46.51
2449,2016-01-07,46.14,46.14,45.03,45.77
2448,2016-01-08,45.4,45.4,44.66,45.03
2447,2016-01-11,44.66,45.4,44.66,44.66
2446,2016-01-12,44.66,45.4,44.66,45.4
2445,2016-01-13,45.4,45.4,44.66,44.66
2444,2016-01-14,44.66,45.03,44.3,44.66
2443,2016-01-15,45.03,45.4,44.3,44.3
2442,2016-01-18,43.93,43.93,42.08,43.19
2441,2016-01-19,42.82,43.93,42.82,43.93
2440,2016-01-20,43.56,43.93,43.19,43.19
2439,2016-01-21,42.82,43.56,42.45,42.82
2438,2016-01-22,42.82,43.19,41.34,42.08
2437,2016-01-25,42.82,43.56,42.45,43.56
2436,2016-01-26,42.82,43.19,42.08,42.45
2435,2016-01-27,42.82,43.19,42.45,43.19
2434,2016-01-28,42.82,43.56,42.82,42.82
2433,2016-01-29,42.82,43.19,42.45,42.82
2432,2016-02-01,43.19,44.3,42.82,43.93
2431,2016-02-02,43.93,44.66,43.56,43.93
2430,2016-02-03,43.56,44.66,43.56,44.66
2429,2016-02-04,45.4,45.77,45.03,45.03
2428,2016-02-05,45.03,45.77,45.03,45.77
2427,2016-02-15,45.03,46.51,45.03,46.51
2426,2016-02-16,47.25,47.62,46.88,47.25
2425,2016-02-17,48.36,49.09,47.62,47.99
2424,2016-02-18,48.36,48.36,47.25,47.62
2423,2016-02-19,47.99,47.99,47.25,47.62
2422,2016-02-22,47.62,48.36,47.25,47.99
2421,2016-02-23,48.36,48.72,47.62,47.99
2420,2016-02-24,47.99,48.36,47.62,48.36
2419,2016-02-25,48.36,48.72,47.62,47.62
2418,2016-02-26,47.99,47.99,47.25,47.99
2417,2016-02-29,47.99,47.99,47.25,47.25
2416,2016-03-01,47.25,48.36,47.25,47.99
2415,2016-03-02,48.36,48.72,47.62,48.72
2414,2016-03-03,48.72,49.09,48.36,48.36
2413,2016-03-04,48.36,48.72,47.99,48.72
2412,2016-03-07,48.36,49.09,48.36,48.36
2411,2016-03-08,48.36,48.72,47.99,48.36
2410,2016-03-09,48.36,48.72,47.99,48.36
2409,2016-03-10,48.36,48.36,47.62,48.36
2408,2016-03-11,47.99,50.2,47.99,50.2
2407,2016-03-14,50.2,50.57,49.46,49.83
2406,2016-03-15,49.83,50.94,49.46,50.2
2405,2016-03-16,50.2,50.94,49.83,50.57
2404,2016-03-17,50.57,51.68,50.57,50.94
2403,2016-03-18,50.57,50.94,50.57,50.94
2402,2016-03-21,50.57,51.31,49.83,49.83
2401,2016-03-22,49.83,49.83,48.72,49.09
2400,2016-03-23,49.09,49.83,49.09,49.46
2399,2016-03-24,49.46,50.2,49.09,49.83
2398,2016-03-25,49.46,49.83,48.72,49.46
2397,2016-03-28,49.46,49.83,49.09,49.83
2396,2016-03-29,49.83,50.2,49.46,49.46
2395,2016-03-30,49.46,50.57,49.09,50.2
2394,2016-03-31,50.2,50.57,49.46,49.46
2393,2016-04-01,49.46,50.2,49.09,49.46
2392,2016-04-04,49.46,49.83,49.09,49.46
2391,2016-04-05,50.2,50.57,49.83,50.57
2390,2016-04-06,50.57,50.57,49.83,50.57
2389,2016-04-07,50.57,52.42,50.2,52.05
2388,2016-04-08,52.05,53.15,51.68,52.79
2387,2016-04-11,53.15,53.52,52.79,52.79
2386,2016-04-12,52.79,53.15,52.42,52.79
2385,2016-04-13,52.79,53.52,52.42,52.42
2384,2016-04-14,52.42,53.15,52.05,52.42
2383,2016-04-15,52.79,53.52,52.79,52.79
2382,2016-04-19,52.79,53.15,51.31,51.31
2381,2016-04-20,51.31,51.68,49.83,50.2
2380,2016-04-21,50.57,50.94,49.83,50.57
2379,2016-04-22,50.57,52.05,50.57,51.68
2378,2016-04-25,52.42,52.79,51.31,51.31
2377,2016-04-26,51.31,51.68,51.31,51.68
2376,2016-04-27,52.05,52.05,50.94,50.94
2375,2016-04-28,51.31,51.31,50.94,50.94
2374,2016-04-29,50.94,51.31,50.94,51.31
2373,2016-05-04,51.68,52.79,51.31,52.42
2372,2016-05-05,52.42,53.15,52.42,52.42
2371,2016-05-06,52.79,52.79,52.42,52.42
2370,2016-05-09,53.89,54.26,52.79,53.15
2369,2016-05-10,52.79,53.15,52.42,52.79
2368,2016-05-11,52.79,53.89,52.79,53.89
2367,2016-05-12,53.89,54.26,53.15,53.52
2366,2016-05-13,53.52,53.89,53.15,53.15
2365,2016-05-16,53.15,54.26,53.15,53.89
2364,2016-05-17,54.63,54.63,53.89,54.26
2363,2016-05-18,54.26,54.26,53.52,53.52
2362,2016-05-19,53.52,53.89,53.15,53.52
2361,2016-05-20,53.89,54.26,53.52,53.89
2360,2016-05-23,54.26,54.26,53.52,53.89
2359,2016-05-24,53.89,53.89,53.52,53.52
2358,2016-05-25,53.52,53.89,53.15,53.15
2357,2016-05-26,53.15,53.15,52.05,52.05
2356,2016-05-27,52.05,52.79,52.05,52.79
2355,2016-05-30,52.79,52.79,52.05,52.42
2354,2016-05-31,52.79,52.79,52.42,52.42
2353,2016-06-01,52.05,52.42,51.68,52.05
2352,2016-06-02,52.05,52.42,52.05,52.05
2351,2016-06-03,52.42,52.42,51.67,52.05
2350,2016-06-06,52.05,52.05,50.92,50.92
2349,2016-06-07,50.92,51.3,50.55,51.3
2348,2016-06-08,51.67,52.05,51.3,51.67
2347,2016-06-09,51.67,51.67,51.3,51.67
2346,2016-06-10,51.67,51.67,50.92,51.3
2345,2016-06-13,50.92,51.3,50.55,51.3
2344,2016-06-14,50.92,51.3,50.55,51.3
2343,2016-06-15,50.92,51.67,50.55,51.3
2342,2016-06-16,51.67,52.05,51.3,51.3
2341,2016-06-17,51.3,51.67,50.92,51.3
2340,2016-06-20,51.3,51.67,50.92,51.3
2339,2016-06-21,51.67,52.42,51.67,52.05
2338,2016-06-22,52.05,52.42,51.67,52.05
2337,2016-06-23,51.67,52.8,51.67,52.42
2336,2016-06-24,52.42,52.42,49.43,51.3
2335,2016-06-27,50.92,51.3,50.18,51.3
2334,2016-06-28,51.3,53.92,50.92,52.42
2333,2016-06-29,52.8,52.8,52.05,52.05
2332,2016-06-30,52.42,53.17,52.42,52.8
2331,2016-07-01,53.92,53.92,53.17,53.55
2330,2016-07-04,54.29,54.29,53.55,54.29
2329,2016-07-05,54.29,54.67,53.55,53.92
2328,2016-07-06,53.92,53.92,53.17,53.55
2327,2016-07-07,53.92,55.04,53.55,55.04
2326,2016-07-08,55.04,55.79,54.67,55.04
2325,2016-07-11,55.04,55.79,54.29,54.67
2324,2016-07-12,54.67,55.04,53.92,55.04
2323,2016-07-13,55.04,55.42,54.67,55.04
2322,2016-07-14,54.67,55.42,54.29,54.67
2321,2016-07-15,54.67,55.42,54.29,55.04
2320,2016-07-18,55.42,56.54,55.04,56.17
2319,2016-07-19,56.17,58.04,56.17,57.29
2318,2016-07-20,57.66,59.54,56.92,59.16
2317,2016-07-21,59.91,60.66,58.41,58.79
2316,2016-07-22,59.16,59.54,56.92,58.41
2315,2016-07-25,58.79,58.79,57.66,57.66
2314,2016-07-26,57.66,59.16,57.29,58.79
2313,2016-07-27,59.16,59.54,58.79,59.16
2312,2016-07-28,59.16,60.29,59.16,59.91
2311,2016-07-29,59.91,60.29,59.16,59.16
2310,2016-08-01,59.54,59.54,57.66,58.04
2309,2016-08-02,57.66,58.04,56.92,56.92
2308,2016-08-03,57.29,58.04,56.92,57.66
2307,2016-08-04,58.04,59.16,57.66,58.41
2306,2016-08-05,58.41,59.16,58.04,59.16
2305,2016-08-08,59.16,59.54,58.79,59.16
2304,2016-08-09,59.54,61.03,59.54,60.66
2303,2016-08-10,61.03,61.78,60.66,61.41
2302,2016-08-11,61.78,63.28,61.41,63.28
2301,2016-08-12,64.4,65.53,62.91,62.91
2300,2016-08-15,62.91,63.66,62.53,63.28
2299,2016-08-16,63.28,64.03,63.28,63.28
2298,2016-08-17,63.66,64.4,63.28,64.03
2297,2016-08-18,64.4,65.15,64.03,65.15
2296,2016-08-19,66.68,67.6,65.3,65.76
2295,2016-08-22,65.76,66.22,64.38,64.38
2294,2016-08-23,64.38,65.76,63.93,65.76
2293,2016-08-24,66.22,67.14,65.76,66.68
2292,2016-08-25,66.68,67.14,65.76,66.68
2291,2016-08-26,66.22,67.14,66.22,67.14
2290,2016-08-29,67.14,71.28,67.14,69.44
2289,2016-08-30,69.9,70.36,68.98,69.9
2288,2016-08-31,70.36,71.74,70.36,71.74
2287,2016-09-01,71.74,71.74,69.9,70.82
2286,2016-09-05,70.82,71.74,69.44,70.82
2285,2016-09-06,70.82,70.82,68.98,68.98
2284,2016-09-07,68.52,68.52,65.76,67.14
2283,2016-09-08,66.68,68.06,66.22,67.6
2282,2016-09-09,68.06,68.06,65.76,65.76
2281,2016-09-12,66.22,67.05,64.8,64.94
2280,2016-09-13,64.94,67.05,63.97,66.64
2279,2016-09-14,66.22,66.45,65.4,66.22
2278,2016-09-15,66.27,66.5,65.53,65.76
2277,2016-09-16,65.76,65.76,63.47,63.47
2276,2016-09-19,64.38,64.38,62.45,62.55
2275,2016-09-20,62.09,62.55,61.17,62.55
2274,2016-09-21,63.47,63.88,63.01,63.37
2273,2016-09-22,63.47,64.16,63.1,63.1
2272,2016-09-23,62.96,64.57,62.78,64.38
2271,2016-09-26,64.38,64.89,64.2,64.84
2270,2016-09-27,64.84,65.03,64.38,64.38
2269,2016-09-28,64.61,64.71,64.06,64.38
2268,2016-09-29,64.38,64.8,64.25,64.38
2267,2016-09-30,64.38,64.8,64.38,64.38
2266,2016-10-03,64.8,64.8,64.48,64.61
2265,2016-10-04,64.61,65.21,64.43,64.61
2264,2016-10-05,64.84,65.03,64.57,64.57
2263,2016-10-06,64.57,65.49,64.57,65.3
2262,2016-10-07,65.3,65.58,64.66,65.12
2261,2016-10-10,65.12,65.12,64.43,64.43
2260,2016-10-11,64.38,64.84,63.1,64.61
2259,2016-10-12,64.61,65.07,64.38,65.07
2258,2016-10-13,64.89,65.53,64.89,65.3
2257,2016-10-14,65.3,66.59,65.3,66.22
2256,2016-10-17,65.9,66.32,65.35,65.4
2255,2016-10-18,65.4,66.22,65.26,66.22
2254,2016-10-19,66.22,67.37,65.81,67.14
2253,2016-10-20,67.14,67.37,66.45,66.64
2252,2016-10-21,66.68,67.1,66.27,66.32
2251,2016-10-24,66.32,66.32,64.84,64.84
2250,2016-10-25,64.84,65.21,64.61,64.84
2249,2016-10-26,64.84,65.07,64.8,64.89
2248,2016-10-27,65.03,65.53,64.89,65.53
2247,2016-10-28,65.53,66.27,65.3,65.9
2246,2016-10-31,65.76,66.04,65.3,65.3
2245,2016-11-01,65.76,65.76,65.03,65.26
2244,2016-11-02,65.26,65.58,64.89,64.89
2243,2016-11-03,64.84,65.03,64.71,65.03
2242,2016-11-04,65.03,65.26,64.61,64.8
2241,2016-11-07,64.84,64.89,64.43,64.48
2240,2016-11-08,64.61,64.8,64.52,64.57
2239,2016-11-09,64.48,64.52,62.82,64.38
2238,2016-11-10,64.57,64.98,64.57,64.84
2237,2016-11-11,64.84,64.94,64.61,64.61
2236,2016-11-14,64.38,64.52,63.51,63.56
2235,2016-11-15,63.51,63.97,63.1,63.14
2234,2016-11-16,63.14,64.02,63.14,63.93
2233,2016-11-17,63.93,64.06,63.79,63.93
2232,2016-11-18,63.51,63.7,63.1,63.1
2231,2016-11-21,63.47,63.88,63.42,63.7
2230,2016-11-22,63.74,64.8,63.74,64.71
2229,2016-11-23,64.71,64.75,63.83,63.93
2228,2016-11-24,63.88,63.88,62.78,62.87
2227,2016-11-25,62.87,62.91,61.49,61.86
2226,2016-11-28,61.63,61.63,59.1,59.42
2225,2016-11-29,60.25,61.9,60.02,61.76
2224,2016-11-30,62.09,65.3,61.63,63.47
2223,2016-12-01,63.47,63.56,62.18,62.18
2222,2016-12-02,62.09,62.78,61.72,62.09
2221,2016-12-05,62.27,62.41,61.86,62.09
2220,2016-12-06,62.09,62.09,61.53,61.63
2219,2016-12-07,61.3,61.35,60.61,60.94
2218,2016-12-08,62.18,62.64,61.9,62.18
2217,2016-12-09,62.32,62.91,62.09,62.45
2216,2016-12-12,60.94,61.76,60.94,61.49
2215,2016-12-13,61.49,62.09,60.25,60.25
2214,2016-12-14,60.25,60.8,59.79,60.15
2213,2016-12-15,59.97,60.02,58.36,58.68
2212,2016-12-16,58.87,59.74,58.87,59.74
2211,2016-12-19,60.02,60.2,59.1,59.23
2210,2016-12-20,59.1,59.19,57.16,57.3
2209,2016-12-21,57.03,58.27,55.88,57.99
2208,2016-12-22,57.99,58.41,56.61,56.61
2207,2016-12-23,56.57,57.03,55.92,57.03
2206,2016-12-26,57.03,57.26,56.15,56.34
2205,2016-12-27,56.29,57.58,56.15,57.49
2204,2016-12-28,57.95,58.31,57.49,57.95
2203,2016-12-29,59.79,59.79,59.0,59.14
2202,2016-12-30,59.14,59.14,57.67,57.76
2201,2017-01-03,57.76,58.41,57.76,58.27
2200,2017-01-04,58.64,58.68,58.31,58.36
2199,2017-01-05,58.45,58.45,58.04,58.27
2198,2017-01-06,58.27,58.68,57.95,57.95
2197,2017-01-09,58.27,58.31,57.95,57.95
2196,2017-01-10,57.95,58.18,57.95,57.99
2195,2017-01-11,58.08,58.5,58.04,58.41
2194,2017-01-12,58.41,58.59,58.22,58.41
2193,2017-01-13,58.41,58.54,58.18,58.36
2192,2017-01-16,58.41,58.45,58.13,58.18
2191,2017-01-17,58.27,58.27,57.99,57.99
2190,2017-01-18,57.95,58.04,57.58,57.95
2189,2017-01-19,58.08,58.08,57.9,57.95
2188,2017-01-20,57.95,59.0,57.95,58.41
2187,2017-01-23,58.41,59.37,58.41,58.87
2186,2017-01-24,59.33,59.42,58.87,58.87
2185,2017-01-25,58.87,59.42,58.87,59.33
2184,2017-02-02,59.56,61.35,59.33,61.17
2183,2017-02-03,62.04,62.96,61.4,61.58
2182,2017-02-06,61.67,61.72,61.07,61.26
2181,2017-02-07,61.26,61.76,60.94,61.53
2180,2017-02-08,61.53,61.81,61.4,61.58
2179,2017-02-09,61.76,61.86,61.63,61.67
2178,2017-02-10,61.67,61.67,61.49,61.53
2177,2017-02-13,61.53,61.63,61.35,61.53
2176,2017-02-14,61.53,61.58,61.03,61.12
2175,2017-02-15,61.17,61.26,61.07,61.17
2174,2017-02-16,61.17,61.35,60.52,60.71
2173,2017-02-17,60.71,60.75,59.69,59.79
2172,2017-02-20,59.79,60.06,59.79,59.79
2171,2017-02-21,59.79,60.38,59.46,59.92
2170,2017-02-22,59.92,60.34,59.88,59.97
2169,2017-02-23,59.97,60.02,59.37,59.92
2168,2017-02-24,59.79,60.66,59.56,60.66
2167,2017-02-27,60.71,60.98,60.61,60.61
2166,2017-02-28,60.61,60.66,60.2,60.43
2165,2017-03-01,60.11,60.57,60.11,60.15
2164,2017-03-02,60.15,60.15,59.65,59.65
2163,2017-03-03,59.65,59.83,59.46,59.74
2162,2017-03-06,59.65,60.25,59.56,60.2
2161,2017-03-07,59.79,60.15,59.74,59.79
2160,2017-03-08,59.79,60.52,59.79,60.06
2159,2017-03-09,60.2,60.2,59.97,60.02
2158,2017-03-10,60.02,60.06,59.74,59.74
2157,2017-03-13,59.79,60.06,59.65,59.65
2156,2017-03-14,59.69,60.2,59.69,60.11
2155,2017-03-15,60.15,61.17,60.11,61.17
2154,2017-03-16,61.17,61.81,61.17,61.63
2153,2017-03-17,61.67,61.9,61.44,61.63
2152,2017-03-20,61.26,61.99,60.89,61.58
2151,2017-03-21,61.4,62.55,61.4,62.36
2150,2017-03-22,62.22,63.79,62.22,62.82
2149,2017-03-23,62.82,64.57,62.82,64.48
2148,2017-03-24,64.75,65.3,64.71,65.17
2147,2017-03-27,65.72,66.13,65.07,65.3
2146,2017-03-28,65.63,65.76,63.93,64.75
2145,2017-03-29,64.43,65.3,64.38,65.21
2144,2017-03-30,65.21,66.22,65.21,66.22
2143,2017-03-31,66.55,66.73,65.9,65.9
2142,2017-04-03,65.9,66.5,65.9,66.36
2141,2017-04-04,66.36,66.36,66.04,66.22
2140,2017-04-05,65.99,66.22,65.53,65.95
2139,2017-04-07,65.17,65.86,64.98,65.58
2138,2017-04-10,65.58,65.67,65.26,65.58
2137,2017-04-11,65.58,66.09,65.53,65.99
2136,2017-04-12,66.22,66.41,65.95,66.22
2135,2017-04-13,65.99,66.18,65.81,65.81
2134,2017-04-14,65.58,65.76,64.75,65.17
2133,2017-04-17,64.71,65.58,64.71,65.3
2132,2017-04-18,65.35,66.5,65.3,66.41
2131,2017-04-19,66.41,67.1,66.41,66.87
2130,2017-04-20,66.91,66.91,66.5,66.64
2129,2017-04-21,66.64,66.82,66.32,66.55
2128,2017-04-24,66.32,66.55,65.99,66.22
2127,2017-04-25,66.13,66.13,65.72,65.95
2126,2017-04-26,65.95,66.18,65.53,66.18
2125,2017-04-27,66.32,67.37,66.13,67.37
2124,2017-04-28,67.6,68.34,67.47,68.06
2123,2017-05-03,68.11,68.39,68.11,68.2
2122,2017-05-04,68.53,69.46,68.34,69.23
2121,2017-05-05,68.76,69.14,68.34,68.34
2120,2017-05-08,68.34,68.39,67.64,68.02
2119,2017-05-09,67.97,67.97,66.8,67.13
2118,2017-05-10,66.94,67.83,66.8,67.32
2117,2017-05-11,67.5,67.5,67.08,67.36
2116,2017-05-12,67.36,67.74,67.18,67.5
2115,2017-05-15,67.6,67.74,66.85,67.08
2114,2017-05-16,67.13,67.32,66.9,66.9
2113,2017-05-17,66.9,68.76,66.9,68.53
2112,2017-05-18,67.36,68.3,67.36,68.06
2111,2017-05-19,68.06,69.0,67.92,68.95
2110,2017-05-22,68.95,70.11,68.9,70.07
2109,2017-05-23,70.07,70.86,70.07,70.63
2108,2017-05-24,70.63,70.81,69.93,70.63
2107,2017-05-25,70.63,70.63,69.79,69.93
2106,2017-05-26,69.69,70.86,69.69,70.86
2105,2017-05-29,70.86,71.0,70.58,70.72
2104,2017-05-30,70.58,70.67,69.6,69.79
2103,2017-05-31,69.93,71.0,69.74,69.79
2102,2017-06-01,70.39,70.81,69.97,70.81
2101,2017-06-02,70.39,70.86,70.02,70.35
2100,2017-06-05,70.35,72.49,70.35,71.65
2099,2017-06-06,71.79,72.17,71.65,71.89
2098,2017-06-07,72.03,72.07,71.33,71.79
2097,2017-06-08,71.79,71.79,71.51,71.61
2096,2017-06-09,71.75,71.79,71.56,71.65
2095,2017-06-12,71.65,71.7,71.09,71.19
2094,2017-06-13,71.14,71.14,70.67,71.0
2093,2017-06-14,71.0,71.65,70.95,71.56
2092,2017-06-15,71.56,71.93,71.47,71.7
2091,2017-06-16,72.26,72.26,71.33,71.33
2090,2017-06-19,71.42,71.98,71.37,71.98
2089,2017-06-20,71.98,71.98,71.19,71.33
2088,2017-06-21,71.14,71.7,70.63,71.7
2087,2017-06-22,71.37,71.7,71.23,71.28
2086,2017-06-23,71.28,71.37,71.14,71.33
2085,2017-06-26,71.33,71.56,71.0,71.51
2084,2017-06-27,71.51,71.65,71.47,71.56
2083,2017-06-28,71.56,72.49,71.56,72.45
2082,2017-06-29,72.49,72.68,72.17,72.17
2081,2017-06-30,72.17,73.61,72.17,73.47
2080,2017-07-03,73.66,73.66,73.05,73.19
2079,2017-07-04,73.14,73.14,72.77,72.96
2078,2017-07-05,72.77,73.05,72.68,73.0
2077,2017-07-06,73.42,73.75,73.05,73.42
2076,2017-07-07,73.66,73.66,71.89,71.89
2075,2017-07-10,71.89,72.12,70.49,70.72
2074,2017-07-11,70.72,71.33,70.72,71.33
2073,2017-07-12,71.7,72.68,71.23,72.45
2072,2017-07-13,73.19,73.19,72.73,72.86
2071,2017-07-14,72.86,72.86,72.26,72.31
2070,2017-07-17,71.79,72.26,70.67,70.81
2069,2017-07-18,70.86,71.33,70.39,70.86
2068,2017-07-19,71.33,71.98,71.19,71.33
2067,2017-07-20,70.86,71.28,70.81,70.86
2066,2017-07-21,70.49,70.86,70.49,70.63
2065,2017-07-24,70.44,70.86,69.93,70.77
2064,2017-07-25,70.63,70.86,70.49,70.77
2063,2017-07-26,70.86,71.65,70.81,71.33
2062,2017-07-27,71.33,71.33,71.19,71.28
2061,2017-07-28,71.28,71.37,71.28,71.33
2060,2017-07-31,71.33,71.33,71.09,71.14
2059,2017-08-01,71.14,71.14,70.44,70.44
2058,2017-08-02,70.44,71.09,70.44,71.05
2057,2017-08-03,71.42,71.93,71.33,71.79
2056,2017-08-04,71.79,71.93,71.7,71.79
2055,2017-08-07,71.79,71.79,71.33,71.65
2054,2017-08-08,71.65,71.65,70.77,70.86
2053,2017-08-09,70.86,70.86,69.18,69.93
2052,2017-08-10,69.93,70.77,69.93,70.63
2051,2017-08-11,70.63,70.86,69.93,70.63
2050,2017-08-14,70.86,70.86,70.53,70.72
2049,2017-08-15,70.72,70.86,70.15,70.15
2048,2017-08-16,70.01,70.01,69.02,69.68
2047,2017-08-17,69.68,70.44,69.45,70.3
2046,2017-08-18,69.97,70.58,69.97,70.49
2045,2017-08-21,70.53,70.53,70.34,70.34
2044,2017-08-22,70.39,70.39,70.01,70.15
2043,2017-08-23,70.11,70.15,69.82,70.15
2042,2017-08-24,69.97,70.15,69.97,70.06
2041,2017-08-25,70.15,70.15,69.97,70.15
2040,2017-08-28,70.15,70.15,69.78,70.06
2039,2017-08-29,69.92,70.06,69.63,69.68
2038,2017-08-30,69.68,69.97,69.68,69.92
2037,2017-08-31,70.15,71.1,70.06,70.11
2036,2017-09-01,70.34,71.57,70.34,71.57
2035,2017-09-05,71.57,72.19,71.38,72.09
2034,2017-09-06,72.0,72.0,71.19,71.34
2033,2017-09-07,71.19,71.19,70.58,70.63
2032,2017-09-08,70.39,70.67,70.3,70.44
2031,2017-09-11,70.44,70.44,70.01,70.11
2030,2017-09-12,69.82,70.15,69.78,69.97
2029,2017-09-13,70.01,70.01,69.92,70.01
2028,2017-09-14,69.92,70.11,69.92,70.06
2027,2017-09-15,69.87,70.06,69.73,69.92
2026,2017-09-18,69.68,70.86,69.68,70.39
2025,2017-09-19,70.39,70.49,70.11,70.11
2024,2017-09-20,70.11,70.49,69.92,70.34
2023,2017-09-21,70.15,70.15,69.92,69.92
2022,2017-09-22,69.92,70.15,69.78,69.78
2021,2017-09-25,69.78,69.92,69.54,69.92
2020,2017-09-26,69.92,70.2,69.78,69.97
2019,2017-09-27,69.92,70.15,69.87,69.92
2018,2017-09-28,69.92,70.39,69.87,70.39
2017,2017-09-29,70.39,71.34,70.34,70.49
2016,2017-10-02,70.44,70.63,70.11,70.15
2015,2017-10-03,70.2,70.2,69.78,69.87
2014,2017-10-04,69.82,70.15,69.78,70.15
2013,2017-10-05,70.2,70.67,70.06,70.39
2012,2017-10-06,70.67,71.01,70.39,70.39
2011,2017-10-09,70.39,70.49,69.97,70.34
2010,2017-10-10,70.01,70.3,70.01,70.15
2009,2017-10-11,70.15,70.3,70.01,70.15
2008,2017-10-12,70.15,70.2,69.92,69.92
2007,2017-10-13,69.92,70.58,69.92,70.58
2006,2017-10-16,70.82,70.91,70.2,70.2
2005,2017-10-17,70.2,70.49,70.15,70.44
2004,2017-10-18,70.39,70.67,70.39,70.39
2003,2017-10-19,70.39,70.39,70.15,70.3
2002,2017-10-20,70.2,70.3,70.15,70.15
2001,2017-10-23,70.15,70.15,69.82,69.92
2000,2017-10-24,69.87,70.39,69.73,70.39
1999,2017-10-25,70.39,71.15,70.39,71.1
1998,2017-10-26,71.15,71.76,71.15,71.71
1997,2017-10-27,71.81,72.0,71.71,72.0
1996,2017-10-30,72.09,72.09,71.62,71.76
1995,2017-10-31,71.76,71.76,71.34,71.34
1994,2017-11-01,71.34,73.46,71.34,73.23
1993,2017-11-02,73.23,74.55,72.85,73.65
1992,2017-11-03,73.65,73.7,72.52,73.32
1991,2017-11-06,73.32,74.64,73.32,74.64
1990,2017-11-07,74.64,74.88,74.17,74.55
1989,2017-11-08,74.55,75.87,74.55,75.68
1988,2017-11-09,75.68,77.0,75.26,76.77
1987,2017-11-10,76.67,82.11,76.53,82.11
1986,2017-11-13,82.67,87.49,82.2,87.16
1985,2017-11-14,85.51,86.08,82.67,85.04
1984,2017-11-15,83.05,86.93,83.05,85.89
1983,2017-11-16,85.51,86.93,85.13,86.55
1982,2017-11-17,86.55,86.88,86.08,86.55
1981,2017-11-20,86.41,88.63,85.74,88.34
1980,2017-11-21,88.34,92.45,88.34,89.29
1979,2017-11-22,89.19,89.29,85.04,87.35
1978,2017-11-23,87.35,89.29,86.03,87.35
1977,2017-11-24,85.74,87.87,85.56,87.4
1976,2017-11-27,86.93,87.63,86.5,87.4
1975,2017-11-28,86.45,87.4,86.45,87.4
1974,2017-11-29,86.93,87.59,86.93,87.4
1973,2017-11-30,87.4,89.52,87.35,88.2
1972,2017-12-01,88.34,92.59,88.34,92.59
1971,2017-12-04,92.59,96.89,92.59,95.9
1970,2017-12-05,95.9,96.85,93.54,94.01
1969,2017-12-06,92.12,93.07,88.44,92.12
1968,2017-12-07,92.12,93.49,87.87,87.87
1967,2017-12-08,87.87,91.27,87.87,88.86
1966,2017-12-11,88.86,91.74,88.86,90.23
1965,2017-12-12,91.18,92.08,89.76,91.89
1964,2017-12-13,91.89,92.31,90.94,92.03
1963,2017-12-14,92.36,94.96,92.12,94.96
1962,2017-12-15,94.96,94.96,92.12,93.07
1961,2017-12-18,94.96,97.08,93.73,96.85
1960,2017-12-19,96.85,97.27,95.9,95.9
1959,2017-12-20,94.96,96.7,94.48,95.43
1958,2017-12-21,94.96,96.7,94.96,96.33
1957,2017-12-22,95.9,96.37,95.43,95.85
1956,2017-12-25,95.48,95.81,94.39,94.48
1955,2017-12-26,94.48,95.85,94.3,95.85
1954,2017-12-27,96.7,97.08,96.37,96.85
1953,2017-12-28,97.56,97.8,97.08,97.65
1952,2017-12-29,96.84,101.13,96.84,99.27
1951,2018-01-02,100.41,100.84,99.27,100.65
1950,2018-01-03,101.6,102.32,100.94,101.79
1949,2018-01-04,101.41,102.32,101.41,102.22
1948,2018-01-05,101.84,102.32,101.13,101.6
1947,2018-01-08,101.37,101.37,99.22,99.94
1946,2018-01-09,99.99,100.89,98.27,98.51
1945,2018-01-10,97.65,100.41,97.65,100.41
1944,2018-01-11,100.89,100.89,99.51,99.94
1943,2018-01-12,99.94,100.41,99.61,99.89
1942,2018-01-15,99.46,99.7,98.99,99.22
1941,2018-01-16,98.61,99.22,98.61,99.13
1940,2018-01-17,98.51,98.99,95.18,95.7
1939,2018-01-18,95.18,97.84,94.94,97.84
1938,2018-01-19,98.22,99.65,97.84,97.84
1937,2018-01-22,98.51,100.75,98.03,100.7
1936,2018-01-23,100.7,100.7,100.7,100.7
1935,2018-01-24,100.7,100.7,100.7,100.7
1934,2018-01-25,99.46,100.79,98.51,98.51
1933,2018-01-26,98.56,100.99,98.56,100.79
1932,2018-01-29,100.79,100.89,98.27,98.27
1931,2018-01-30,97.08,97.56,96.56,97.32
1930,2018-01-31,96.32,98.75,95.7,96.84
1929,2018-02-01,97.08,98.32,95.66,96.61
1928,2018-02-02,95.89,98.51,95.89,98.51
1927,2018-02-05,96.37,97.56,95.99,96.65
1926,2018-02-06,91.37,96.13,90.18,94.18
1925,2018-02-07,96.99,96.99,95.27,95.32
1924,2018-02-08,95.18,95.32,93.47,93.8
1923,2018-02-09,90.42,91.37,88.99,90.9
1922,2018-02-12,89.94,91.37,89.94,91.37
1921,2018-02-13,91.37,92.8,91.37,92.09
1920,2018-02-21,94.18,96.7,92.32,96.7
1919,2018-02-22,96.7,96.7,94.75,95.66
1918,2018-02-23,96.61,96.84,94.7,96.13
1917,2018-02-26,96.13,97.08,95.18,95.18
1916,2018-02-27,96.13,96.13,94.23,95.18
1915,2018-02-28,94.7,94.99,93.28,93.28
1914,2018-03-01,93.28,94.7,93.28,93.28
1913,2018-03-02,93.28,94.94,92.8,94.85
1912,2018-03-05,95.08,97.56,94.47,96.32
1911,2018-03-06,96.32,96.84,94.8,96.13
1910,2018-03-07,95.7,99.94,95.7,98.08
1909,2018-03-08,98.51,99.61,98.51,99.46
1908,2018-03-09,99.46,100.22,98.99,98.99
1907,2018-03-12,99.22,100.27,98.03,98.03
1906,2018-03-13,98.03,100.41,98.03,99.94
1905,2018-03-14,99.94,101.84,99.56,101.37
1904,2018-03-15,101.37,101.37,99.84,100.03
1903,2018-03-16,100.41,101.84,99.46,101.84
1902,2018-03-19,102.08,102.08,100.18,100.89
1901,2018-03-20,100.89,100.89,99.46,99.46
1900,2018-03-21,99.46,100.46,99.46,99.46
1899,2018-03-22,100.84,100.84,99.46,99.46
1898,2018-03-23,98.08,98.99,97.61,98.51
1897,2018-03-26,98.51,100.18,98.32,99.22
1896,2018-03-27,99.94,102.17,99.46,101.37
1895,2018-03-28,101.37,101.84,100.41,100.41
1894,2018-03-29,100.41,100.56,98.51,98.51
1893,2018-03-30,98.51,98.51,95.7,96.61
1892,2018-04-02,96.37,96.56,94.47,95.04
1891,2018-04-03,95.18,95.42,91.66,92.18
1890,2018-04-04,92.18,95.18,92.18,95.18
1889,2018-04-05,95.18,95.18,93.18,93.89
1888,2018-04-06,93.85,95.04,93.75,94.32
1887,2018-04-09,94.7,94.8,93.75,94.13
1886,2018-04-10,94.13,94.13,92.8,93.75
1885,2018-04-11,93.28,93.99,92.99,93.28
1884,2018-04-12,93.51,93.66,92.99,93.42
1883,2018-04-13,93.75,93.75,93.04,93.13
1882,2018-04-16,93.13,93.13,90.42,90.42
1881,2018-04-17,89.23,89.94,86.23,87.8
1880,2018-04-18,88.04,89.23,87.71,89.23
1879,2018-04-19,89.23,89.61,88.71,89.23
1878,2018-04-20,88.99,88.99,88.04,88.52
1877,2018-04-23,88.04,88.47,86.61,86.8
1876,2018-04-24,85.19,86.14,83.81,85.66
1875,2018-04-26,86.57,86.57,85.66,86.14
1874,2018-04-27,86.8,89.94,86.61,88.04
1873,2018-05-02,88.52,88.52,87.8,87.8
1872,2018-05-03,88.99,88.99,87.56,88.04
1871,2018-05-04,87.95,88.04,87.42,87.56
1870,2018-05-07,88.04,90.66,87.8,90.42
1869,2018-05-08,90.66,90.66,88.09,88.09
1868,2018-05-09,88.04,88.52,87.56,88.04
1867,2018-05-10,88.52,88.52,85.19,85.66
1866,2018-05-11,85.66,86.14,84.23,84.71
1865,2018-05-14,85.19,85.66,83.76,84.71
1864,2018-05-15,85.66,85.9,83.76,83.76
1863,2018-05-16,83.76,84.28,80.47,80.47
1862,2018-05-17,80.43,80.66,78.52,78.52
1861,2018-05-18,79.0,81.43,78.81,81.43
1860,2018-05-21,81.85,81.85,78.57,79.0
1859,2018-05-22,78.52,79.0,76.14,77.1
1858,2018-05-23,76.19,80.66,76.19,79.62
1857,2018-05-24,80.43,80.62,79.38,79.95
1856,2018-05-25,79.47,79.95,79.0,79.0
1855,2018-05-28,78.52,78.76,77.1,78.52
1854,2018-05-29,77.81,80.66,77.1,80.24
1853,2018-05-30,79.95,80.0,78.57,78.76
1852,2018-05-31,78.76,79.0,77.81,78.14
1851,2018-06-01,79.0,80.52,78.76,80.05
1850,2018-06-04,80.9,83.38,80.43,83.28
1849,2018-06-05,84.0,86.36,83.28,84.96
1848,2018-06-06,84.96,84.96,83.28,84.0
1847,2018-06-07,84.39,85.4,84.34,85.11
1846,2018-06-08,84.05,84.96,84.05,84.96
1845,2018-06-11,84.96,87.36,84.72,86.45
1844,2018-06-12,85.92,86.88,85.44,86.88
1843,2018-06-13,86.88,86.88,86.12,86.88
1842,2018-06-14,86.45,86.88,85.78,86.4
1841,2018-06-15,85.73,86.64,85.44,86.4
1840,2018-06-18,85.49,86.31,82.9,82.9
1839,2018-06-19,82.56,82.56,79.25,79.83
1838,2018-06-20,79.68,81.51,79.59,81.03
1837,2018-06-21,81.03,81.84,80.64,81.6
1836,2018-06-22,80.88,85.68,80.88,85.44
1835,2018-06-25,87.36,87.36,85.68,86.02
1834,2018-06-26,84.72,85.44,83.52,84.44
1833,2018-06-27,83.81,84.44,83.81,84.0
1832,2018-06-28,83.52,83.81,81.12,81.6
1831,2018-06-29,81.6,82.8,81.6,81.6
1830,2018-07-02,81.6,82.08,81.12,82.08
1829,2018-07-03,81.6,81.65,81.12,81.6
1828,2018-07-04,81.6,81.6,80.16,80.16
1827,2018-07-05,80.16,80.64,78.72,79.2
1826,2018-07-06,78.72,81.6,78.72,79.68
1825,2018-07-09,81.08,81.36,80.07,80.16
1824,2018-07-10,80.16,81.08,80.16,80.16
1823,2018-07-11,80.16,80.88,79.68,80.16
1822,2018-07-12,80.16,81.03,80.16,80.79
1821,2018-07-13,80.79,81.03,79.59,79.83
1820,2018-07-16,80.26,80.79,79.59,80.64
1819,2018-07-17,79.92,80.64,79.88,80.6
1818,2018-07-18,80.64,81.12,80.4,81.12
1817,2018-07-19,83.04,83.04,81.12,81.84
1816,2018-07-20,81.99,81.99,81.22,81.36
1815,2018-07-23,81.12,82.47,80.74,81.6
1814,2018-07-24,81.51,82.08,81.27,81.56
1813,2018-07-25,81.6,81.8,81.56,81.56
1812,2018-07-26,81.56,82.32,81.12,82.32
1811,2018-07-27,82.08,82.32,80.93,81.03
1810,2018-07-30,81.12,81.56,80.55,80.88
1809,2018-07-31,80.64,81.12,80.16,80.74
1808,2018-08-01,80.64,80.74,79.97,80.12
1807,2018-08-02,79.83,80.12,77.62,79.2
1806,2018-08-03,79.06,79.06,77.43,77.57
1805,2018-08-06,77.76,77.76,76.56,76.76
1804,2018-08-07,76.8,76.8,73.44,73.44
1803,2018-08-08,72.96,75.12,72.96,74.64
1802,2018-08-09,75.84,76.71,74.88,75.36
1801,2018-08-10,75.36,75.75,74.88,75.46
1800,2018-08-13,75.36,75.36,74.6,74.93
1799,2018-08-14,76.32,76.76,75.75,75.89
1798,2018-08-15,76.08,77.0,75.94,76.08
1797,2018-08-16,75.84,76.13,74.69,76.13
1796,2018-08-17,76.32,76.56,76.08,76.08
1795,2018-08-20,76.32,77.72,76.13,76.85
1794,2018-08-21,77.14,78.24,76.95,78.24
1793,2018-08-22,78.63,78.68,77.72,78.24
1792,2018-08-23,78.24,78.39,78.0,78.39
1791,2018-08-24,78.39,78.39,77.86,77.86
1790,2018-08-27,78.24,78.24,76.8,76.95
1789,2018-08-28,76.85,76.9,76.32,76.47
1788,2018-08-29,76.56,76.61,75.32,75.65
1787,2018-08-30,75.65,75.7,74.64,75.12
1786,2018-08-31,75.36,76.23,75.22,75.22
1785,2018-09-04,75.75,75.75,75.17,75.22
1784,2018-09-05,75.85,75.85,73.05,73.23
1783,2018-09-06,73.23,73.75,71.18,71.24
1782,2018-09-07,71.18,74.45,71.18,74.16
1781,2018-09-10,74.39,74.92,74.28,74.45
1780,2018-09-11,74.39,77.25,74.39,77.02
1779,2018-09-12,77.6,78.65,77.14,77.25
1778,2018-09-13,77.02,77.31,76.32,77.08
1777,2018-09-14,77.08,78.19,77.08,77.6
1776,2018-09-17,78.19,79.35,77.78,79.35
1775,2018-09-18,79.41,80.99,78.89,80.52
1774,2018-09-19,80.52,80.64,79.88,80.4
1773,2018-09-20,80.05,80.11,79.35,79.35
1772,2018-09-21,79.35,80.4,78.71,80.4
1771,2018-09-24,80.4,80.4,79.47,79.94
1770,2018-09-25,79.94,79.99,79.47,79.88
1769,2018-09-26,79.88,79.88,79.53,79.64
1768,2018-09-27,79.94,81.69,79.82,80.81
1767,2018-09-28,80.81,81.04,80.11,80.11
1766,2018-10-01,79.82,79.94,79.35,79.53
1765,2018-10-02,78.77,80.29,78.77,79.94
1764,2018-10-03,79.94,79.99,79.64,79.88
1763,2018-10-04,79.88,79.94,79.29,79.88
1762,2018-10-05,79.35,79.41,78.77,78.89
1761,2018-10-08,78.24,78.59,77.6,77.6
1760,2018-10-09,77.14,77.6,76.32,76.38
1759,2018-10-10,76.14,76.38,75.73,75.85
1758,2018-10-11,71.77,75.27,71.77,74.1
1757,2018-10-12,74.1,75.09,72.7,74.98
1756,2018-10-15,75.27,75.27,73.28,73.34
1755,2018-10-16,73.52,73.75,73.05,73.52
1754,2018-10-17,74.39,74.39,73.69,74.04
1753,2018-10-18,74.04,74.1,73.46,73.52
1752,2018-10-19,72.99,73.98,72.41,73.98
1751,2018-10-22,73.52,73.98,73.4,73.4
1750,2018-10-23,73.34,73.34,71.01,72.06
1749,2018-10-24,72.06,72.06,71.13,71.53
1748,2018-10-25,70.02,70.54,68.32,70.02
1747,2018-10-26,71.13,71.18,70.54,70.89
1746,2018-10-29,70.89,70.89,69.26,70.02
1745,2018-10-30,70.02,70.02,68.44,68.44
1744,2018-10-31,68.44,68.85,66.81,67.74
1743,2018-11-01,68.27,68.27,65.06,66.69
1742,2018-11-02,66.69,69.32,66.69,69.14
1741,2018-11-05,68.32,68.91,67.04,67.97
1740,2018-11-06,67.97,69.32,67.39,68.67
1739,2018-11-07,68.67,70.31,68.67,69.73
1738,2018-11-08,70.48,70.6,69.73,70.02
1737,2018-11-09,68.85,69.55,68.21,68.27
1736,2018-11-12,67.27,68.27,67.16,68.27
1735,2018-11-13,67.22,68.15,66.98,67.68
1734,2018-11-14,67.68,69.02,67.57,68.56
1733,2018-11-15,68.56,68.85,67.1,68.27
1732,2018-11-16,68.27,68.56,67.1,67.1
1731,2018-11-19,67.68,67.86,67.04,67.33
1730,2018-11-20,67.33,68.03,67.27,67.97
1729,2018-11-21,67.68,69.55,67.51,69.55
1728,2018-11-22,69.55,70.19,69.55,70.08
1727,2018-11-23,69.96,69.96,68.56,68.85
1726,2018-11-26,68.97,72.0,68.85,71.83
1725,2018-11-27,72.64,74.39,71.88,73.81
1724,2018-11-28,73.52,75.27,73.52,74.68
1723,2018-11-29,74.98,74.98,73.69,73.69
1722,2018-11-30,73.52,74.98,73.52,74.68
1721,2018-12-03,74.68,78.19,74.68,77.95
1720,2018-12-04,78.19,79.64,77.95,79.64
1719,2018-12-05,78.48,78.89,77.08,77.6
1718,2018-12-06,77.02,77.49,75.79,76.84
1717,2018-12-07,77.08,78.54,77.08,78.13
1716,2018-12-10,78.13,79.64,77.89,78.77
1715,2018-12-11,78.65,79.06,77.89,78.65
1714,2018-12-12,78.24,78.71,77.6,78.19
1713,2018-12-13,78.19,79.35,78.19,78.77
1712,2018-12-14,78.77,79.0,78.42,78.77
1711,2018-12-17,78.77,78.77,78.13,78.13
1710,2018-12-18,76.14,77.02,76.14,76.84
1709,2018-12-19,76.49,76.73,75.27,75.33
1708,2018-12-20,75.27,75.27,73.63,73.63
1707,2018-12-21,72.7,72.93,71.24,71.48
1706,2018-12-24,71.77,73.81,71.77,73.28
1705,2018-12-25,72.47,72.76,71.77,72.7
1704,2018-12-26,72.7,72.7,71.48,72.35
1703,2018-12-27,72.94,74.06,72.47,72.47
1702,2018-12-28,72.94,73.65,70.59,70.59
1701,2019-01-02,71.47,72.94,71.18,72.94
1700,2019-01-03,72.94,72.94,71.53,72.29
1699,2019-01-04,72.06,73.53,71.18,73.53
1698,2019-01-07,75.12,77.06,73.82,77.06
1697,2019-01-08,77.29,77.29,75.71,76.47
1696,2019-01-09,76.47,77.94,75.88,77.59
1695,2019-01-10,77.59,77.65,77.0,77.47
1694,2019-01-11,77.47,78.82,77.47,78.82
1693,2019-01-14,78.24,79.41,78.18,79.41
1692,2019-01-15,79.41,79.53,78.82,79.35
1691,2019-01-16,78.82,79.24,77.65,78.24
1690,2019-01-17,78.24,78.47,77.41,77.77
1689,2019-01-18,78.24,79.35,78.24,78.82
1688,2019-01-21,78.88,78.88,77.82,78.71
1687,2019-01-22,78.94,79.41,78.24,78.82
1686,2019-01-23,79.35,79.41,78.71,79.12
1685,2019-01-24,79.41,79.71,79.0,79.71
1684,2019-01-25,80.0,80.18,79.77,79.94
1683,2019-01-28,80.29,80.35,79.94,80.29
1682,2019-01-29,80.59,80.59,79.71,80.29
1681,2019-01-30,80.35,80.35,79.71,79.71
1680,2019-01-31,80.29,80.29,78.53,79.41
1679,2019-02-01,79.88,79.88,78.24,79.41
1678,2019-02-11,79.41,81.12,79.35,80.59
1677,2019-02-12,81.18,81.29,80.59,81.18
1676,2019-02-13,81.18,81.41,80.12,81.35
1675,2019-02-14,81.35,82.53,81.18,82.0
1674,2019-02-15,82.35,82.53,82.06,82.47
1673,2019-02-18,82.59,83.82,82.53,83.53
1672,2019-02-19,84.12,84.29,83.77,83.88
1671,2019-02-20,84.12,84.41,84.0,84.12
1670,2019-02-21,84.41,87.71,84.12,87.35
1669,2019-02-22,87.65,87.94,87.24,87.59
1668,2019-02-25,87.65,89.77,87.47,89.18
1667,2019-02-26,88.24,89.41,85.29,85.94
1666,2019-02-27,86.06,88.24,86.06,86.88
1665,2019-02-28,87.35,87.35,83.0,83.0
1664,2019-03-01,84.65,84.65,83.18,83.18
1663,2019-03-04,83.24,84.65,83.24,84.06
1662,2019-03-05,83.82,84.0,83.29,83.53
1661,2019-03-06,83.53,84.0,81.47,82.94
1660,2019-03-07,83.12,83.53,82.06,82.18
1659,2019-03-08,81.77,82.06,79.77,80.59
1658,2019-03-11,80.29,81.71,80.29,80.94
1657,2019-03-12,81.18,82.06,81.18,81.77
1656,2019-03-13,82.06,82.41,81.29,81.35
1655,2019-03-14,81.77,81.77,80.41,80.88
1654,2019-03-15,80.71,81.18,80.29,80.59
1653,2019-03-18,81.18,81.53,80.88,81.18
1652,2019-03-19,81.18,81.18,80.35,80.53
1651,2019-03-20,80.29,81.47,79.53,81.47
1650,2019-03-21,81.77,82.29,80.0,80.0
1649,2019-03-22,80.0,80.59,79.71,80.29
1648,2019-03-25,79.24,80.29,79.18,80.29
1647,2019-03-26,80.29,80.82,80.0,80.29
1646,2019-03-27,80.35,80.71,80.18,80.29
1645,2019-03-28,80.24,80.29,79.53,79.53
1644,2019-03-29,79.53,80.29,79.29,79.29
1643,2019-04-01,79.71,81.53,79.41,81.53
1642,2019-04-02,82.29,82.29,80.77,81.77
1641,2019-04-03,81.77,81.77,80.94,81.47
1640,2019-04-04,81.41,82.24,81.18,81.18
1639,2019-04-05,81.18,81.18,80.18,80.18
1638,2019-04-08,80.82,81.0,80.29,80.71
1637,2019-04-09,81.12,81.12,79.41,79.65
1636,2019-04-10,79.41,80.29,79.41,79.59
1635,2019-04-11,79.59,80.12,79.59,79.77
1634,2019-04-12,79.77,80.06,79.35,79.82
1633,2019-04-16,79.41,80.24,79.41,80.0
1632,2019-04-17,80.24,80.53,79.35,79.41
1631,2019-04-18,79.41,79.71,79.35,79.53
1630,2019-04-19,79.71,79.77,77.94,78.24
1629,2019-04-22,77.06,77.65,76.0,76.24
1628,2019-04-23,75.35,76.18,74.53,74.71
1627,2019-04-24,75.18,76.18,74.94,76.18
1626,2019-04-25,76.24,76.29,75.47,76.18
1625,2019-04-26,76.35,76.65,76.06,76.35
1624,2019-05-02,76.47,77.12,76.29,76.47
1623,2019-05-03,77.06,77.06,76.41,77.06
1622,2019-05-06,76.65,76.65,75.29,75.94
1621,2019-05-07,76.41,76.47,76.0,76.18
1620,2019-05-08,75.35,75.94,75.29,75.29
1619,2019-05-09,75.59,75.94,75.29,75.41
1618,2019-05-10,75.59,76.53,75.59,76.53
1617,2019-05-13,76.35,78.77,76.35,78.77
1616,2019-05-14,77.77,80.24,77.77,79.71
1615,2019-05-15,79.71,80.24,79.06,79.77
1614,2019-05-16,79.59,80.24,79.41,80.24
1613,2019-05-17,80.29,80.29,79.71,79.77
1612,2019-05-20,79.41,80.94,79.24,80.88
1611,2019-05-21,80.59,80.59,78.53,78.53
1610,2019-05-22,78.82,79.41,77.59,77.71
1609,2019-05-23,77.18,78.24,77.18,77.71
1608,2019-05-24,77.06,78.53,76.71,76.77
1607,2019-05-27,77.06,78.82,76.41,78.82
1606,2019-05-28,78.82,79.12,77.47,77.65
1605,2019-05-29,77.88,78.65,77.53,78.18
1604,2019-05-30,78.12,78.24,77.35,77.35
1603,2019-05-31,77.29,77.53,76.18,76.18
1602,2019-06-03,76.18,76.53,74.77,75.29
1601,2019-06-04,75.59,75.88,75.29,75.65
1600,2019-06-05,76.54,76.9,75.59,75.89
1599,2019-06-06,75.89,76.07,74.94,75.29
1598,2019-06-07,75.17,75.83,75.17,75.35
1597,2019-06-10,75.59,76.07,74.94,75.53
1596,2019-06-11,75.59,75.59,74.64,74.7
1595,2019-06-12,74.52,74.88,74.46,74.52
1594,2019-06-13,74.52,74.52,73.09,73.33
1593,2019-06-14,73.21,73.92,73.15,73.63
1592,2019-06-17,73.63,73.69,73.09,73.63
1591,2019-06-18,73.21,73.63,73.21,73.21
1590,2019-06-19,73.21,73.63,73.21,73.45
1589,2019-06-20,73.51,73.51,73.27,73.39
1588,2019-06-21,74.7,74.7,73.39,74.7
1587,2019-06-24,74.94,74.94,73.27,73.27
1586,2019-06-25,73.27,73.92,73.27,73.45
1585,2019-06-26,73.27,73.75,73.21,73.51
1584,2019-06-27,73.51,73.69,73.15,73.27
1583,2019-06-28,73.21,73.33,72.32,73.21
1582,2019-07-01,73.21,74.46,73.21,74.4
1581,2019-07-02,74.4,75.06,74.16,74.46
1580,2019-07-03,74.52,75.17,74.28,75.0
1579,2019-07-04,75.11,75.35,75.06,75.11
1578,2019-07-05,75.11,75.35,74.82,75.11
1577,2019-07-08,74.82,74.82,73.81,73.92
1576,2019-07-09,73.92,74.4,73.57,74.4
1575,2019-07-10,74.4,74.7,74.28,74.4
1574,2019-07-11,74.7,74.7,74.4,74.52
1573,2019-07-12,74.52,74.58,73.81,73.81
1572,2019-07-15,73.75,73.81,73.33,73.33
1571,2019-07-16,73.69,73.92,73.51,73.81
1570,2019-07-17,73.81,74.94,73.75,74.64
1569,2019-07-18,74.4,74.64,74.1,74.16
1568,2019-07-19,74.16,75.65,74.16,75.53
1567,2019-07-22,75.29,75.29,74.7,74.7
1566,2019-07-23,74.7,74.76,74.28,74.64
1565,2019-07-24,75.0,75.53,74.52,74.76
1564,2019-07-25,74.4,74.7,74.4,74.46
1563,2019-07-26,74.58,74.94,74.1,74.1
1562,2019-07-29,73.86,74.04,73.21,73.51
1561,2019-07-30,74.4,74.76,73.51,73.51
1560,2019-07-31,73.51,73.81,73.15,73.33
1559,2019-08-01,73.51,74.1,73.33,73.92
1558,2019-08-02,73.51,73.92,73.39,73.81
1557,2019-08-05,73.51,74.04,72.61,72.61
1556,2019-08-06,72.02,72.02,70.95,71.54
1555,2019-08-07,71.54,72.5,71.54,72.02
1554,2019-08-08,72.02,72.38,71.54,71.96
1553,2019-08-09,71.96,72.44,71.9,72.02
1552,2019-08-12,72.02,72.02,71.66,71.78
1551,2019-08-13,71.42,71.54,70.23,70.23
1550,2019-08-14,70.95,71.36,70.65,70.65
1549,2019-08-15,69.82,72.61,69.82,72.61
1548,2019-08-16,72.02,74.82,71.72,73.86
1547,2019-08-19,74.1,74.52,74.04,74.34
1546,2019-08-20,74.34,74.34,73.86,74.04
1545,2019-08-21,73.81,73.98,73.51,73.75
1544,2019-08-22,73.75,73.98,73.69,73.81
1543,2019-08-23,73.86,73.92,73.21,73.21
1542,2019-08-26,72.61,72.73,71.54,71.72
1541,2019-08-27,72.32,72.5,70.83,70.83
1540,2019-08-28,71.42,71.48,70.95,71.07
1539,2019-08-29,71.42,73.21,71.31,73.21
1538,2019-08-30,73.21,73.92,73.03,73.21
1537,2019-09-03,73.21,73.98,73.21,73.81
1536,2019-09-04,73.81,73.81,72.97,73.69
1535,2019-09-05,73.92,73.92,72.61,72.61
1534,2019-09-06,72.61,73.27,72.61,73.09
1533,2019-09-09,73.21,74.1,72.91,74.1
1532,2019-09-10,73.98,73.98,73.39,73.63
1531,2019-09-11,73.69,73.81,72.67,72.67
1530,2019-09-12,72.91,73.39,72.26,72.61
1529,2019-09-13,72.73,72.91,72.32,72.67
1528,2019-09-16,73.52,73.52,72.68,73.52
1527,2019-09-17,73.52,74.43,73.04,74.13
1526,2019-09-18,73.83,74.98,73.64,74.85
1525,2019-09-19,74.73,74.98,74.13,74.79
1524,2019-09-20,74.85,74.85,73.89,73.89
1523,2019-09-23,74.43,75.7,74.25,75.34
1522,2019-09-24,75.34,77.21,75.22,76.79
1521,2019-09-25,76.43,76.79,75.94,76.49
1520,2019-09-26,76.91,78.73,76.55,78.67
1519,2019-09-27,78.67,79.33,78.3,78.73
1518,2019-09-30,78.73,79.09,78.3,78.48
1517,2019-10-01,78.36,78.48,77.27,77.46
1516,2019-10-02,77.15,77.34,76.37,76.85
1515,2019-10-03,76.25,78.06,75.94,78.06
1514,2019-10-04,78.12,79.21,77.76,77.82
1513,2019-10-07,77.7,78.67,77.58,78.12
1512,2019-10-08,77.82,78.24,77.82,78.06
1511,2019-10-09,77.94,77.94,76.73,76.85
1510,2019-10-10,76.67,77.76,76.67,76.85
1509,2019-10-11,76.85,77.46,76.79,77.46
1508,2019-10-14,78.06,78.06,77.4,77.82
1507,2019-10-15,77.76,78.36,77.27,77.64
1506,2019-10-16,77.64,79.21,77.64,78.91
1505,2019-10-17,78.91,80.12,78.79,79.27
1504,2019-10-18,79.57,80.48,79.57,80.18
1503,2019-10-21,80.18,81.99,79.82,80.84
1502,2019-10-22,81.09,81.33,80.06,80.18
1501,2019-10-23,80.18,80.3,79.39,80.06
1500,2019-10-24,80.0,80.72,80.0,80.24
1499,2019-10-25,80.24,81.39,80.18,81.39
1498,2019-10-28,81.39,81.93,80.84,80.97
1497,2019-10-29,80.91,81.63,80.84,81.15
1496,2019-10-30,81.33,81.57,79.27,79.88
1495,2019-10-31,79.88,79.88,77.94,78.67
1494,2019-11-01,78.79,80.48,78.79,80.12
1493,2019-11-04,80.48,80.48,79.03,79.45
1492,2019-11-05,79.45,79.45,78.18,78.18
1491,2019-11-06,78.06,78.97,77.76,78.73
1490,2019-11-07,78.36,78.55,77.88,78.12
1489,2019-11-08,78.12,78.85,78.0,78.18
1488,2019-11-11,78.18,78.79,78.06,78.24
1487,2019-11-12,78.24,78.24,77.03,77.15
1486,2019-11-13,77.15,77.15,75.88,75.94
1485,2019-11-14,76.25,76.49,76.0,76.19
1484,2019-11-15,76.25,76.25,72.62,74.43
1483,2019-11-18,74.43,74.67,72.86,73.1
1482,2019-11-19,72.86,75.28,72.86,75.28
1481,2019-11-20,75.34,75.52,74.61,75.04
1480,2019-11-21,74.73,74.91,73.64,73.83
1479,2019-11-22,74.07,74.55,73.4,73.52
1478,2019-11-25,73.95,74.61,72.98,74.37
1477,2019-11-26,74.37,75.04,74.25,74.43
1476,2019-11-27,74.85,74.85,73.89,73.89
1475,2019-11-28,73.89,74.01,72.86,73.89
1474,2019-11-29,73.83,74.07,73.34,73.52
1473,2019-12-02,73.52,73.52,71.59,71.59
1472,2019-12-03,71.28,71.28,70.26,70.44
1471,2019-12-04,70.44,71.89,70.44,71.89
1470,2019-12-05,72.43,72.43,71.28,71.28
1469,2019-12-06,71.34,71.34,70.38,70.38
1468,2019-12-09,70.38,71.53,70.38,71.47
1467,2019-12-10,71.47,71.83,71.1,71.53
1466,2019-12-11,71.22,71.77,70.98,71.77
1465,2019-12-12,72.01,72.31,71.95,72.13
1464,2019-12-13,72.19,72.55,71.4,71.4
1463,2019-12-16,71.71,71.89,71.22,71.83
1462,2019-12-17,71.89,71.89,70.86,70.86
1461,2019-12-18,71.04,72.01,70.98,71.77
1460,2019-12-19,71.77,72.62,71.77,72.43
1459,2019-12-20,72.62,72.8,72.31,72.62
1458,2019-12-23,72.62,72.62,71.4,71.4
1457,2019-12-24,71.4,71.89,71.4,71.77
1456,2019-12-25,72.31,72.31,71.22,71.4
1455,2019-12-26,71.9,72.02,71.41,71.41
1454,2019-12-27,71.41,72.32,70.8,72.14
1453,2019-12-30,71.9,72.02,71.1,71.1
1452,2019-12-31,72.63,72.63,71.04,71.1
1451,2020-01-02,71.41,72.14,71.1,71.96
1450,2020-01-03,72.14,72.63,72.14,72.2
1449,2020-01-06,72.14,72.14,71.28,71.65
1448,2020-01-07,71.71,72.51,71.71,72.32
1447,2020-01-08,72.32,72.51,71.71,72.51
1446,2020-01-09,72.63,72.93,72.26,72.38
1445,2020-01-10,72.38,72.75,72.26,72.57
1444,2020-01-13,72.63,72.63,71.65,71.65
1443,2020-01-14,71.65,72.08,71.47,71.9
1442,2020-01-15,71.9,71.96,71.53,71.9
1441,2020-01-16,71.9,72.32,71.53,72.14
1440,2020-01-17,72.14,72.38,71.9,72.38
1439,2020-01-20,72.63,72.75,72.26,72.63
1438,2020-01-21,72.63,74.4,72.38,73.85
1437,2020-01-22,74.4,74.4,73.85,74.03
1436,2020-01-30,72.63,73.12,70.92,71.16
1435,2020-01-31,71.04,71.16,66.22,66.22
1434,2020-02-03,61.95,67.44,61.64,66.1
1433,2020-02-04,67.07,67.13,63.53,64.08
1432,2020-02-05,64.94,65.73,63.05,65.06
1431,2020-02-06,64.69,66.28,64.63,65.61
1430,2020-02-07,65.73,67.44,65.67,67.26
1429,2020-02-10,66.52,66.77,65.49,66.52
1428,2020-02-11,66.52,66.52,65.3,65.43
1427,2020-02-12,65.91,65.91,65.43,65.43
1426,2020-02-13,65.43,65.61,65.06,65.24
1425,2020-02-14,65.43,65.55,65.06,65.06
1424,2020-02-17,65.18,65.67,65.18,65.61
1423,2020-02-18,65.79,65.79,64.27,64.39
1422,2020-02-19,64.08,65.12,64.08,64.94
1421,2020-02-20,65.3,65.61,64.88,64.94
1420,2020-02-21,65.61,66.77,65.61,66.22
1419,2020-02-24,65.3,65.79,64.69,64.94
1418,2020-02-25,64.88,66.22,64.69,65.91
1417,2020-02-26,65.12,65.12,64.08,64.08
1416,2020-02-27,64.08,65.55,63.35,65.55
1415,2020-02-28,64.27,64.75,62.86,63.78
1414,2020-03-02,63.78,64.39,63.35,63.78
1413,2020-03-03,64.39,64.82,63.84,64.27
1412,2020-03-04,64.27,64.69,63.78,63.96
1411,2020-03-05,64.08,64.63,63.78,63.78
1410,2020-03-06,63.78,63.96,63.23,63.59
1409,2020-03-09,61.03,62.56,59.2,59.2
1408,2020-03-10,58.59,62.13,58.59,62.07
1407,2020-03-11,62.25,64.08,60.54,62.01
1406,2020-03-12,59.32,61.95,59.2,61.58
1405,2020-03-13,58.1,61.4,58.1,60.48
1404,2020-03-16,60.48,60.54,58.9,59.2
1403,2020-03-17,58.59,58.83,57.98,58.59
1402,2020-03-18,58.71,59.69,57.98,57.98
1401,2020-03-19,56.76,57.37,54.32,54.32
1400,2020-03-20,54.32,55.72,54.32,54.93
1399,2020-03-23,54.38,54.38,51.08,51.08
1398,2020-03-24,51.08,53.89,51.08,52.55
1397,2020-03-25,55.29,56.21,54.99,56.15
1396,2020-03-26,56.33,57.98,54.2,57.37
1395,2020-03-27,57.37,58.16,56.15,57.43
1394,2020-03-30,54.93,56.45,54.32,55.66
1393,2020-03-31,56.33,57.0,54.93,55.54
1392,2020-04-01,55.54,57.37,55.54,57.37
1391,2020-04-03,57.67,58.29,57.37,57.98
1390,2020-04-06,58.9,58.96,57.98,58.71
1389,2020-04-07,58.9,60.42,58.47,60.12
1388,2020-04-08,59.81,60.42,58.9,60.42
1387,2020-04-09,60.97,61.58,60.54,61.09
1386,2020-04-10,61.03,61.03,59.87,60.79
1385,2020-04-13,60.79,60.91,59.99,60.48
1384,2020-04-14,60.73,60.85,60.24,60.42
1383,2020-04-15,60.85,60.85,60.54,60.54
1382,2020-04-16,60.6,60.73,60.36,60.6
1381,2020-04-17,61.03,61.09,60.42,60.6
1380,2020-04-20,61.03,61.76,61.03,61.03
1379,2020-04-21,61.03,61.03,58.47,59.08
1378,2020-04-22,58.65,59.57,58.47,59.51
1377,2020-04-23,60.18,60.18,58.53,58.65
1376,2020-04-24,60.6,62.74,59.51,62.74
1375,2020-04-27,65.0,65.0,62.74,62.74
1374,2020-04-28,62.74,62.86,60.85,61.34
1373,2020-04-29,60.73,60.97,60.42,60.42
1372,2020-05-04,59.2,60.42,59.2,59.57
1371,2020-05-05,60.3,61.58,59.81,61.34
1370,2020-05-06,61.46,61.95,60.85,61.95
1369,2020-05-07,62.01,63.35,61.95,63.11
1368,2020-05-08,63.78,65.67,63.47,64.08
1367,2020-05-11,64.08,66.22,63.9,66.22
1366,2020-05-12,66.22,69.82,65.55,69.51
1365,2020-05-13,69.09,70.19,67.13,69.39
1364,2020-05-14,68.72,69.51,68.66,68.97
1363,2020-05-15,68.97,69.27,66.77,67.62
1362,2020-05-18,67.62,68.23,66.52,67.81
1361,2020-05-19,69.45,69.82,68.54,68.72
1360,2020-05-20,68.66,69.82,68.66,69.58
1359,2020-05-21,69.58,70.19,69.27,70.19
1358,2020-05-22,69.82,70.06,69.27,69.82
1357,2020-05-25,69.88,71.77,69.64,71.77
1356,2020-05-26,72.02,72.02,70.31,71.77
1355,2020-05-27,71.83,71.9,70.19,70.19
1354,2020-05-28,70.19,70.8,70.06,70.06
1353,2020-05-29,69.27,70.31,69.27,70.19
1352,2020-06-01,70.25,71.41,70.25,70.86
1351,2020-06-02,70.86,71.41,70.61,70.8
1350,2020-06-03,70.92,72.08,70.55,71.16
1349,2020-06-04,71.41,71.96,71.41,71.9
1348,2020-06-05,71.9,72.75,71.22,72.75
1347,2020-06-08,72.75,75.31,72.69,74.95
1346,2020-06-09,75.13,76.9,75.13,76.29
1345,2020-06-10,76.9,76.9,74.95,75.07
1344,2020-06-11,75.07,76.29,73.85,74.64
1343,2020-06-12,72.02,73.12,69.94,72.02
1342,2020-06-15,73.24,73.79,68.36,68.36
1341,2020-06-16,69.94,71.71,69.58,71.41
1340,2020-06-17,71.41,71.53,70.43,70.55
1339,2020-06-18,70.55,71.16,69.64,70.31
1338,2020-06-19,70.31,71.1,70.19,70.19
1337,2020-06-22,70.43,70.74,70.06,70.43
1336,2020-06-23,70.8,71.04,70.55,70.8
1335,2020-06-24,71.04,72.26,71.04,71.47
1334,2020-06-25,71.1,71.1,70.37,71.04
1333,2020-06-26,71.16,71.47,70.43,70.74
1332,2020-06-29,70.49,70.67,68.07,69.19
1331,2020-06-30,69.87,70.18,69.19,69.68
1330,2020-07-01,69.68,71.1,69.25,70.92
1329,2020-07-02,70.98,71.04,69.87,69.87
1328,2020-07-03,69.87,70.61,69.74,70.55
1327,2020-07-06,70.79,72.09,70.67,72.03
1326,2020-07-07,72.03,72.4,71.72,71.72
1325,2020-07-08,71.72,71.72,71.41,71.41
1324,2020-07-09,71.41,72.15,71.41,71.66
1323,2020-07-10,71.72,71.97,71.29,71.29
1322,2020-07-13,71.29,71.6,70.67,70.98
1321,2020-07-14,70.61,71.23,70.42,71.23
1320,2020-07-15,71.72,72.34,71.72,71.72
1319,2020-07-16,72.15,72.65,71.85,72.65
1318,2020-07-17,72.15,72.59,72.03,72.22
1317,2020-07-20,71.72,72.15,71.41,71.54
1316,2020-07-21,71.54,71.91,70.86,71.72
1315,2020-07-22,71.35,71.72,70.55,70.55
1314,2020-07-23,70.61,70.86,70.18,70.61
1313,2020-07-24,70.61,70.61,67.39,68.69
1312,2020-07-27,66.22,66.53,63.93,63.93
1311,2020-07-28,64.3,67.95,64.3,67.95
1310,2020-07-29,67.08,67.33,65.23,65.54
1309,2020-07-30,66.78,67.7,66.03,67.39
1308,2020-07-31,66.16,67.52,65.85,66.16
1307,2020-08-03,66.78,68.01,66.59,67.52
1306,2020-08-04,68.63,68.82,67.95,68.82
1305,2020-08-05,68.94,70.24,68.01,69.31
1304,2020-08-06,69.43,71.72,69.31,70.98
1303,2020-08-07,71.1,71.72,70.98,71.41
1302,2020-08-10,71.72,72.03,70.79,70.79
1301,2020-08-11,71.04,71.1,70.49,70.79
1300,2020-08-12,70.79,71.66,70.79,71.47
1299,2020-08-13,71.97,72.09,71.66,71.97
1298,2020-08-14,72.09,72.96,71.85,72.15
1297,2020-08-17,72.34,72.9,71.29,72.34
1296,2020-08-18,72.34,72.59,71.47,71.47
1295,2020-08-19,71.72,71.72,71.04,71.29
1294,2020-08-20,71.29,71.6,70.86,71.23
1293,2020-08-21,71.41,71.72,71.17,71.47
1292,2020-08-24,72.03,72.71,71.72,72.03
1291,2020-08-25,72.34,72.9,72.22,72.53
1290,2020-08-26,72.96,73.08,72.28,72.4
1289,2020-08-27,72.65,72.9,72.34,72.46
1288,2020-08-28,72.83,74.19,72.46,73.76
1287,2020-08-31,74.38,74.81,73.89,74.81
1286,2020-09-01,74.81,76.17,74.32,76.17
1285,2020-09-03,76.36,77.16,76.36,77.1
1284,2020-09-04,76.48,77.29,76.11,77.29
1283,2020-09-07,77.29,79.39,77.22,77.9
1282,2020-09-08,77.84,78.77,76.61,76.79
1281,2020-09-09,75.74,76.61,75.12,76.54
1280,2020-09-10,77.29,77.53,76.92,77.1
1279,2020-09-11,76.79,77.1,76.36,76.54
1278,2020-09-14,76.92,77.29,76.67,76.79
1277,2020-09-15,76.79,77.22,76.67,77.16
1276,2020-09-16,77.29,77.29,76.61,76.79
1275,2020-09-17,76.67,77.78,76.67,76.98
1274,2020-09-18,77.04,78.15,76.79,78.15
1273,2020-09-21,78.21,80.5,78.15,80.44
1272,2020-09-22,80.44,80.5,79.45,80.13
1271,2020-09-23,80.32,80.5,79.82,79.88
1270,2020-09-24,79.26,79.7,78.71,78.71
1269,2020-09-25,79.02,79.14,78.83,78.96
1268,2020-09-28,79.14,79.51,78.71,79.33
1267,2020-09-29,82.91,84.87,81.4,82.31
1266,2020-09-30,82.91,83.97,81.78,82.08
1265,2020-10-01,82.16,82.46,81.33,82.38
1264,2020-10-02,82.53,82.99,80.42,81.4
1263,2020-10-05,81.4,82.16,80.65,80.88
1262,2020-10-06,80.88,81.4,80.27,80.65
1261,2020-10-07,80.5,81.4,80.27,81.4
1260,2020-10-08,81.33,81.33,80.5,80.57
1259,2020-10-09,80.65,80.73,80.35,80.42
1258,2020-10-12,80.57,81.25,80.35,80.65
1257,2020-10-13,80.65,81.4,80.57,80.73
1256,2020-10-14,80.73,81.18,80.5,80.95
1255,2020-10-15,81.25,81.33,80.65,81.03
1254,2020-10-16,81.03,81.4,80.57,80.95
1253,2020-10-19,80.95,81.63,80.95,81.18
1252,2020-10-20,80.88,81.1,79.9,80.05
1251,2020-10-21,80.27,80.57,79.9,80.2
1250,2020-10-22,80.5,80.5,79.22,80.42
1249,2020-10-23,81.03,82.91,80.73,82.91
1248,2020-10-26,83.66,84.8,82.91,83.29
1247,2020-10-27,82.91,83.66,82.23,82.61
1246,2020-10-28,82.01,82.16,80.27,80.95
1245,2020-10-29,80.27,80.8,79.59,80.57
1244,2020-10-30,80.65,81.4,79.37,81.4
1243,2020-11-02,80.65,81.4,80.65,81.1
1242,2020-11-03,81.1,81.4,80.65,81.18
1241,2020-11-04,81.4,82.46,80.95,81.4
1240,2020-11-05,81.4,82.46,81.4,82.01
1239,2020-11-06,82.31,82.46,81.4,82.01
1238,2020-11-09,82.16,82.46,81.78,82.01
1237,2020-11-10,82.23,82.31,81.03,81.03
1236,2020-11-11,81.33,81.33,79.9,81.03
1235,2020-11-12,80.65,81.03,80.42,80.65
1234,2020-11-13,80.65,80.95,80.65,80.95
1233,2020-11-16,81.03,81.93,80.65,80.73
1232,2020-11-17,80.88,81.18,80.65,81.1
1231,2020-11-18,81.48,82.53,81.25,82.46
1230,2020-11-19,82.46,82.68,82.16,82.68
1229,2020-11-20,82.84,84.04,82.23,83.59
1228,2020-11-23,83.66,83.89,82.76,83.36
1227,2020-11-24,83.36,83.59,82.16,82.61
1226,2020-11-25,82.84,83.66,82.23,83.29
1225,2020-11-26,83.59,83.59,82.38,82.84
1224,2020-11-27,82.84,82.84,81.93,82.76
1223,2020-11-30,82.76,82.91,81.4,81.55
1222,2020-12-01,80.88,82.76,80.8,82.68
1221,2020-12-02,82.61,82.76,81.93,82.16
1220,2020-12-03,82.16,82.84,82.01,82.53
1219,2020-12-04,82.53,82.68,82.01,82.16
1218,2020-12-07,82.16,83.59,82.01,82.91
1217,2020-12-08,82.99,83.14,82.16,82.31
1216,2020-12-09,82.91,82.99,82.38,82.68
1215,2020-12-10,83.14,85.85,83.14,84.42
1214,2020-12-11,84.42,85.02,84.27,84.87
1213,2020-12-14,85.02,85.47,84.72,85.47
1212,2020-12-15,85.17,85.4,83.51,83.82
1211,2020-12-16,83.82,84.64,83.44,84.12
1210,2020-12-17,83.66,83.66,83.14,83.21
1209,2020-12-18,83.29,83.66,82.91,83.21
1208,2020-12-21,83.21,83.97,83.06,83.66
1207,2020-12-22,83.59,83.59,82.76,82.84
1206,2020-12-23,82.84,83.97,82.84,83.06
1205,2020-12-24,83.06,83.29,81.4,81.93
1204,2020-12-25,82.01,82.23,81.48,82.16
1203,2020-12-28,82.16,82.68,81.63,81.93
1202,2020-12-29,82.16,82.46,81.86,82.31
1201,2020-12-30,82.31,83.06,81.86,82.01
1200,2020-12-31,82.16,82.84,82.01,82.01
1199,2021-01-04,82.68,82.76,82.16,82.38
1198,2021-01-05,82.76,85.19,82.46,84.28
1197,2021-01-06,84.43,84.66,83.52,83.52
1196,2021-01-07,83.67,84.28,83.52,83.98
1195,2021-01-08,84.81,85.88,84.36,85.19
1194,2021-01-11,85.57,88.24,85.57,88.16
1193,2021-01-12,88.62,88.77,87.78,88.46
1192,2021-01-13,88.46,89.15,86.87,87.1
1191,2021-01-14,87.02,87.02,85.65,86.03
1190,2021-01-15,86.33,87.7,86.03,86.64
1189,2021-01-18,86.79,87.55,86.18,86.18
1188,2021-01-19,86.18,86.18,81.39,81.92
1187,2021-01-20,82.76,83.29,80.63,82.91
1186,2021-01-21,83.6,84.2,82.76,83.9
1185,2021-01-22,83.82,84.28,82.68,82.68
1184,2021-01-25,82.84,83.44,82.15,82.3
1183,2021-01-26,82.23,82.53,79.87,81.16
1182,2021-01-27,80.63,81.24,77.97,78.58
1181,2021-01-28,76.07,77.51,73.1,73.1
1180,2021-01-29,73.02,78.2,73.02,78.2
1179,2021-02-01,78.35,80.02,77.59,78.12
1178,2021-02-02,77.82,81.39,77.82,80.93
1177,2021-02-03,80.93,83.44,80.93,83.44
1176,2021-02-04,83.44,83.44,81.39,82.76
1175,2021-02-05,82.61,83.67,82.61,83.37
1174,2021-02-08,83.29,83.37,78.96,80.1
1173,2021-02-09,80.1,82.84,79.79,82.15
1172,2021-02-17,82.15,82.84,81.62,82.68
1171,2021-02-18,82.68,82.91,81.77,82.91
1170,2021-02-19,82.0,82.38,81.47,82.15
1169,2021-02-22,81.69,82.0,81.62,81.77
1168,2021-02-23,81.77,82.15,80.78,81.39
1167,2021-02-24,81.47,82.08,80.25,80.48
1166,2021-02-25,80.55,80.86,79.26,79.56
1165,2021-02-26,78.8,79.79,78.65,79.72
1164,2021-03-01,80.25,80.55,79.87,80.33
1163,2021-03-02,80.78,81.01,79.11,79.79
1162,2021-03-03,79.72,79.79,79.11,79.49
1161,2021-03-04,80.02,80.25,78.35,78.65
1160,2021-03-05,78.42,78.42,77.36,78.35
1159,2021-03-08,78.73,78.8,77.36,77.74
1158,2021-03-09,76.9,77.21,76.22,76.45
1157,2021-03-10,76.45,77.97,75.91,76.9
1156,2021-03-11,77.97,78.96,77.66,78.2
1155,2021-03-12,78.35,78.58,77.36,77.74
1154,2021-03-15,78.2,78.35,77.66,77.74
1153,2021-03-16,77.74,77.82,76.14,76.83
1152,2021-03-17,76.83,76.83,76.14,76.45
1151,2021-03-18,76.83,77.97,76.83,77.97
1150,2021-03-19,77.74,77.74,77.13,77.36
1149,2021-03-22,77.36,77.44,76.52,76.67
1148,2021-03-23,76.52,76.6,75.84,76.22
1147,2021-03-24,75.76,76.07,74.92,75.08
1146,2021-03-25,75.38,75.84,74.77,74.92
1145,2021-03-26,74.54,74.92,73.48,74.09
1144,2021-03-29,74.54,75.99,74.39,75.31
1143,2021-03-30,75.76,76.14,75.0,75.46
1142,2021-03-31,75.38,75.38,74.54,74.85
1141,2021-04-01,74.92,76.83,74.54,76.83
1140,2021-04-02,77.97,79.11,77.66,78.12
1139,2021-04-05,79.49,79.49,77.74,78.04
1138,2021-04-06,78.04,78.12,76.67,77.21
1137,2021-04-07,76.83,76.83,76.07,76.14
1136,2021-04-08,76.37,76.45,75.61,75.99
1135,2021-04-09,76.07,76.07,75.46,75.91
1134,2021-04-12,76.07,76.29,75.69,76.07
1133,2021-04-13,76.67,77.36,75.84,76.07
1132,2021-04-14,75.99,76.07,75.23,75.53
1131,2021-04-15,75.76,76.45,75.23,75.38
1130,2021-04-16,75.08,75.08,73.33,73.71
1129,2021-04-19,73.71,74.16,72.34,73.1
1128,2021-04-20,73.78,76.83,73.71,75.53
1127,2021-04-22,75.53,75.69,73.78,74.54
1126,2021-04-23,74.54,75.99,73.63,75.69
1125,2021-04-26,73.78,75.31,73.02,73.02
1124,2021-04-27,73.02,73.4,72.26,72.8
1123,2021-04-28,72.8,72.87,71.12,71.27
1122,2021-04-29,71.27,71.65,69.6,71.12
1121,2021-05-04,70.67,70.74,69.6,69.68
1120,2021-05-05,69.83,70.74,69.68,69.98
1119,2021-05-06,69.98,69.98,68.16,68.16
1118,2021-05-07,67.7,67.85,66.03,66.18
1117,2021-05-10,66.18,70.74,65.49,70.74
1116,2021-05-11,71.12,71.88,69.37,69.37
1115,2021-05-12,68.61,70.13,68.46,69.83
1114,2021-05-13,69.3,69.75,68.84,68.84
1113,2021-05-14,69.37,69.37,68.08,68.08
1112,2021-05-17,68.08,68.46,66.33,66.33
1111,2021-05-18,66.56,66.94,66.03,66.18
1110,2021-05-19,66.71,67.7,66.25,66.56
1109,2021-05-20,66.79,67.01,66.18,66.94
1108,2021-05-21,66.86,69.07,66.25,67.85
1107,2021-05-24,68.46,69.9,68.08,69.37
1106,2021-05-25,69.37,69.37,68.46,68.84
1105,2021-05-26,68.46,69.9,67.93,69.22
1104,2021-05-27,69.52,69.68,68.46,68.84
1103,2021-05-28,69.22,69.75,68.76,69.3
1102,2021-05-31,69.75,69.98,68.61,68.84
1101,2021-06-01,68.84,68.99,68.38,68.38
1100,2021-06-02,68.16,68.16,67.7,68.0
1099,2021-06-03,68.46,69.07,68.31,68.61
1098,2021-06-04,68.69,69.22,67.77,68.08
1097,2021-06-07,68.93,69.0,67.77,68.85
1096,2021-06-08,68.85,70.31,68.85,69.08
1095,2021-06-09,69.16,69.39,68.39,68.62
1094,2021-06-10,68.85,72.08,68.23,71.01
1093,2021-06-11,71.01,71.24,70.24,70.85
1092,2021-06-14,71.24,72.01,70.47,71.24
1091,2021-06-15,71.31,71.78,70.93,71.55
1090,2021-06-16,71.47,71.62,70.31,70.7
1089,2021-06-17,70.08,71.01,69.93,70.08
1088,2021-06-18,70.39,71.39,70.39,70.93
1087,2021-06-21,70.85,70.93,69.77,69.77
1086,2021-06-22,70.08,70.47,69.77,69.77
1085,2021-06-23,69.77,69.93,69.08,69.31
1084,2021-06-24,69.23,69.47,68.0,68.31
1083,2021-06-25,68.39,69.23,68.31,69.08
1082,2021-06-28,69.31,69.47,68.54,68.7
1081,2021-06-29,69.16,70.62,68.54,70.08
1080,2021-06-30,70.08,70.16,69.47,69.62
1079,2021-07-01,69.77,70.31,69.62,70.0
1078,2021-07-02,70.08,70.08,69.39,69.39
1077,2021-07-05,69.39,69.62,68.23,68.7
1076,2021-07-06,68.85,69.16,67.0,67.0
1075,2021-07-07,67.0,69.16,66.69,69.16
1074,2021-07-08,67.93,68.85,67.77,68.08
1073,2021-07-09,68.0,68.08,66.92,67.0
1072,2021-07-12,67.39,67.77,64.92,66.46
1071,2021-07-13,66.31,66.62,64.85,64.92
1070,2021-07-14,65.46,66.0,64.92,65.46
1069,2021-07-15,65.46,66.46,65.08,65.62
1068,2021-07-16,65.85,66.39,65.69,66.15
1067,2021-07-19,65.0,65.46,64.69,65.46
1066,2021-07-20,65.46,66.23,64.92,66.15
1065,2021-07-21,65.77,66.15,65.62,65.69
1064,2021-07-22,65.85,67.08,65.69,66.85
1063,2021-07-23,66.85,69.16,66.31,67.46
1062,2021-07-26,67.77,68.7,67.69,68.46
1061,2021-07-27,68.46,68.93,67.39,67.39
1060,2021-07-28,67.08,67.31,66.69,66.92
1059,2021-07-29,67.0,67.54,66.23,66.85
1058,2021-07-30,66.85,67.16,66.15,66.31
1057,2021-08-02,66.39,66.92,66.23,66.62
1056,2021-08-03,66.69,67.39,66.69,67.08
1055,2021-08-04,67.39,67.39,67.0,67.08
1054,2021-08-05,66.92,67.08,66.69,66.69
1053,2021-08-06,66.92,68.08,66.69,67.16
1052,2021-08-09,67.16,67.69,67.0,67.54
1051,2021-08-10,67.77,69.31,67.77,68.85
1050,2021-08-11,69.23,70.39,69.16,70.0
1049,2021-08-12,69.93,70.47,69.54,69.7
1048,2021-08-13,69.62,69.7,68.7,69.23
1047,2021-08-16,69.23,69.77,68.54,68.93
1046,2021-08-17,69.0,69.39,68.62,68.77
1045,2021-08-18,68.93,70.0,68.85,69.31
1044,2021-08-19,69.7,69.7,69.16,69.54
1043,2021-08-20,69.54,69.54,67.0,67.62
1042,2021-08-23,67.54,67.62,66.23,66.23
1041,2021-08-24,66.31,67.0,66.0,66.46
1040,2021-08-25,66.54,67.08,66.23,66.92
1039,2021-08-26,66.92,67.54,66.77,67.0
1038,2021-08-27,67.31,67.39,66.77,67.0
1037,2021-08-30,67.08,67.46,67.0,67.31
1036,2021-08-31,67.39,67.46,67.08,67.31
1035,2021-09-01,67.31,68.39,67.16,67.85
1034,2021-09-06,68.0,68.39,67.93,68.0
1033,2021-09-07,68.79,68.79,67.61,67.61
1032,2021-09-08,67.61,67.61,66.83,66.91
1031,2021-09-09,66.91,66.98,66.59,66.75
1030,2021-09-10,66.75,68.16,66.59,67.77
1029,2021-09-13,67.77,68.47,67.61,68.32
1028,2021-09-14,68.32,68.4,67.85,68.16
1027,2021-09-15,68.0,68.0,67.46,67.46
1026,2021-09-16,67.77,67.77,67.3,67.69
1025,2021-09-17,67.69,69.26,67.61,67.77
1024,2021-09-20,68.63,69.81,68.4,69.49
1023,2021-09-21,68.94,69.65,68.71,69.57
1022,2021-09-22,69.34,71.84,69.34,71.69
1021,2021-09-23,71.69,72.39,70.82,71.14
1020,2021-09-24,71.29,71.61,70.9,71.06
1019,2021-09-27,70.98,71.61,69.57,69.57
1018,2021-09-28,69.57,70.43,68.94,69.96
1017,2021-09-29,69.96,70.59,69.49,70.2
1016,2021-09-30,70.43,71.06,70.2,70.2
1015,2021-10-01,69.96,70.82,69.81,70.35
1014,2021-10-04,70.9,71.37,70.59,70.67
1013,2021-10-05,70.75,70.75,70.2,70.2
1012,2021-10-06,70.2,70.59,69.88,69.96
1011,2021-10-07,69.96,70.04,69.57,69.57
1010,2021-10-08,69.65,70.51,69.49,70.2
1009,2021-10-11,70.51,70.82,70.12,70.51
1008,2021-10-12,70.82,71.53,70.59,70.82
1007,2021-10-13,71.29,71.53,70.51,70.59
1006,2021-10-14,70.67,70.9,70.2,70.51
1005,2021-10-15,70.51,71.06,70.2,70.51
1004,2021-10-18,70.51,70.59,69.88,70.35
1003,2021-10-19,70.35,70.9,70.35,70.75
1002,2021-10-20,70.82,70.98,69.73,70.51
1001,2021-10-21,70.51,70.59,69.81,69.81
1000,2021-10-22,70.12,70.9,69.88,70.9
999,2021-10-25,70.9,70.98,70.43,70.59
998,2021-10-26,70.51,70.67,70.04,70.2
997,2021-10-27,70.51,70.98,70.28,70.82
996,2021-10-28,70.9,71.69,70.9,70.98
995,2021-10-29,70.98,71.29,70.75,71.06
994,2021-11-01,71.14,71.53,70.35,70.51
993,2021-11-02,70.51,70.51,69.73,69.88
992,2021-11-03,69.81,70.12,69.1,69.1
991,2021-11-04,69.26,69.49,69.02,69.26
990,2021-11-05,69.41,70.04,69.34,69.88
989,2021-11-08,70.28,71.37,70.2,71.14
988,2021-11-09,71.29,71.37,70.28,70.35
987,2021-11-10,70.51,70.59,69.96,70.28
986,2021-11-11,70.35,70.82,69.96,70.2
985,2021-11-12,70.51,70.59,69.81,69.96
984,2021-11-15,70.12,70.2,69.73,69.73
983,2021-11-16,69.73,69.96,69.34,69.41
982,2021-11-17,69.41,70.2,69.41,69.57
981,2021-11-18,69.57,69.57,68.94,68.94
980,2021-11-19,68.94,69.26,67.38,67.46
979,2021-11-22,67.38,67.77,67.3,67.53
978,2021-11-23,67.77,67.93,67.38,67.61
977,2021-11-24,67.77,68.55,67.77,68.55
976,2021-11-25,68.55,69.1,68.32,68.55
975,2021-11-26,68.63,69.57,68.55,69.18
974,2021-11-29,68.79,68.87,68.32,68.55
973,2021-11-30,68.63,69.57,68.63,68.63
972,2021-12-01,68.94,69.41,68.47,68.55
971,2021-12-02,68.55,68.94,68.47,68.47
970,2021-12-03,68.63,68.94,67.22,67.22
969,2021-12-06,67.38,67.85,66.83,66.83
968,2021-12-07,67.22,67.77,66.91,67.77
967,2021-12-08,67.61,67.77,67.14,67.38
966,2021-12-09,67.3,68.24,67.14,68.16
965,2021-12-10,67.77,68.16,67.22,67.61
964,2021-12-13,67.61,68.0,67.38,67.69
963,2021-12-14,67.69,68.08,67.53,67.61
962,2021-12-15,67.69,67.93,67.61,67.61
961,2021-12-16,67.61,67.85,67.38,67.85
960,2021-12-17,67.85,67.93,67.14,67.14
959,2021-12-20,67.38,67.61,67.06,67.14
958,2021-12-21,67.22,67.38,66.98,66.98
957,2021-12-22,67.14,67.53,66.83,66.91
956,2021-12-23,66.91,66.91,66.2,66.36
955,2021-12-24,66.36,67.38,66.36,67.38
954,2021-12-27,67.38,67.69,67.14,67.46
953,2021-12-28,67.53,67.53,66.75,66.98
952,2021-12-29,66.98,67.06,66.67,66.75
951,2021-12-30,66.83,67.06,66.67,66.83
950,2021-12-31,66.98,68.55,66.83,67.69
949,2022-01-04,68.32,68.47,67.93,67.93
948,2022-01-05,68.0,68.16,67.38,67.53
947,2022-01-06,67.46,67.46,66.83,66.91
946,2022-01-07,66.83,67.06,66.59,66.75
945,2022-01-10,67.54,67.7,66.51,66.67
944,2022-01-11,66.59,66.91,66.51,66.67
943,2022-01-12,66.75,66.75,65.87,66.19
942,2022-01-13,66.43,66.67,66.03,66.19
941,2022-01-14,66.19,67.78,65.87,67.46
940,2022-01-17,67.7,67.7,66.03,66.03
939,2022-01-18,66.03,66.51,65.79,66.43
938,2022-01-19,66.03,66.51,65.87,66.43
937,2022-01-20,66.11,66.35,66.03,66.11
936,2022-01-21,66.11,66.35,65.71,65.79
935,2022-01-24,65.79,65.87,64.52,64.52
934,2022-01-25,64.12,64.52,63.0,63.08
933,2022-01-26,63.16,64.12,63.16,63.48
932,2022-01-27,63.8,66.43,63.8,66.19
931,2022-01-28,66.11,67.07,65.95,66.19
930,2022-02-07,66.27,66.91,66.03,66.51
929,2022-02-08,66.43,66.51,65.31,65.31
928,2022-02-09,65.31,66.67,65.31,65.95
927,2022-02-10,65.95,66.35,65.55,65.87
926,2022-02-11,65.71,65.79,65.23,65.31
925,2022-02-14,64.92,65.31,64.52,64.6
924,2022-02-15,64.6,64.92,64.52,64.68
923,2022-02-16,64.68,64.76,63.96,64.04
922,2022-02-17,64.12,64.68,64.04,64.36
921,2022-02-18,63.8,64.36,63.8,64.2
920,2022-02-21,64.44,65.0,64.44,64.52
919,2022-02-22,64.44,64.52,63.48,63.72
918,2022-02-23,63.72,64.12,63.56,63.72
917,2022-02-24,63.72,63.72,62.53,62.61
916,2022-02-25,62.92,63.32,62.84,62.84
915,2022-02-28,62.84,62.92,61.97,62.45
914,2022-03-01,62.45,63.24,62.29,63.08
913,2022-03-02,63.08,63.08,62.13,62.53
912,2022-03-03,62.69,62.92,62.29,62.45
911,2022-03-04,62.45,62.45,61.97,62.05
910,2022-03-07,62.05,62.05,61.09,61.17
909,2022-03-08,60.77,60.93,60.53,60.61
908,2022-03-09,60.53,61.17,59.74,59.82
907,2022-03-10,60.53,62.05,60.53,61.41
906,2022-03-11,61.49,62.53,61.41,62.13
905,2022-03-14,62.13,62.13,61.25,61.49
904,2022-03-15,61.33,61.73,60.77,61.49
903,2022-03-16,61.49,62.13,61.33,61.57
902,2022-03-17,61.81,61.97,60.85,60.85
901,2022-03-18,61.01,61.33,60.53,60.53
900,2022-03-21,60.53,62.05,60.53,61.81
899,2022-03-22,62.05,62.05,61.17,61.25
898,2022-03-23,61.17,61.33,60.46,60.61
897,2022-03-24,60.53,60.61,59.9,60.22
896,2022-03-25,60.22,60.38,59.82,59.9
895,2022-03-28,59.98,60.22,58.46,58.46
894,2022-03-29,58.54,60.14,58.54,60.14
893,2022-03-30,60.14,61.01,59.82,60.69
892,2022-03-31,60.69,64.52,60.53,64.44
891,2022-04-01,64.52,65.87,63.96,65.08
890,2022-04-04,65.31,65.71,64.92,65.47
889,2022-04-05,65.15,65.15,64.04,64.04
888,2022-04-06,63.72,64.68,63.0,63.16
887,2022-04-07,63.64,63.72,62.53,62.53
886,2022-04-08,62.53,63.0,61.57,61.57
885,2022-04-12,61.57,61.97,60.93,61.17
884,2022-04-13,61.17,62.53,61.09,61.49
883,2022-04-14,61.73,62.13,60.77,60.77
882,2022-04-15,60.93,61.81,60.53,60.93
881,2022-04-18,60.93,62.05,60.85,61.33
880,2022-04-19,61.41,61.89,60.53,60.53
879,2022-04-20,60.53,61.09,60.22,60.22
878,2022-04-21,59.98,60.93,59.74,59.74
877,2022-04-22,60.3,60.93,60.14,60.46
876,2022-04-25,60.53,60.77,58.15,58.54
875,2022-04-26,58.54,60.53,56.47,60.46
874,2022-04-27,59.9,60.38,58.7,59.74
873,2022-04-28,59.66,59.66,58.78,59.18
872,2022-04-29,59.26,59.74,58.94,59.1
871,2022-05-04,59.1,59.26,57.75,57.75
870,2022-05-05,58.3,58.3,56.95,57.43
869,2022-05-06,56.87,57.03,55.36,55.92
868,2022-05-09,55.92,56.95,55.44,55.76
867,2022-05-10,55.76,57.27,55.76,56.23
866,2022-05-11,56.23,56.63,55.36,55.36
865,2022-05-12,55.6,55.6,52.97,52.97
864,2022-05-13,53.37,54.0,52.49,52.65
863,2022-05-16,53.05,53.84,52.33,52.41
862,2022-05-17,52.25,55.76,51.93,55.76
861,2022-05-18,55.76,56.15,55.36,55.99
860,2022-05-19,55.36,55.76,54.96,54.96
859,2022-05-20,54.96,55.68,54.16,54.24
858,2022-05-23,54.56,54.72,52.73,52.81
857,2022-05-24,53.13,54.88,52.97,54.88
856,2022-05-25,54.88,57.59,54.88,57.27
855,2022-05-26,57.27,57.27,56.31,56.79
854,2022-05-27,56.79,58.38,56.31,58.15
853,2022-05-30,58.07,58.07,57.35,57.75
852,2022-05-31,57.43,57.67,57.11,57.11
851,2022-06-01,56.95,57.83,56.79,57.27
850,2022-06-02,57.35,57.35,56.39,56.63
849,2022-06-03,56.55,56.79,55.76,55.99
848,2022-06-06,55.92,56.71,55.76,56.39
847,2022-06-07,55.99,56.31,55.76,56.23
846,2022-06-08,56.31,56.87,56.31,56.55
845,2022-06-09,56.55,56.63,55.92,55.92
844,2022-06-10,55.76,55.92,55.36,55.36
843,2022-06-13,54.48,54.48,52.73,52.89
842,2022-06-14,52.17,53.76,52.09,52.65
841,2022-06-15,52.65,52.97,51.38,51.38
840,2022-06-16,51.85,54.4,51.77,54.16
839,2022-06-17,53.29,54.64,51.93,53.13
838,2022-06-20,52.89,55.52,52.89,54.96
837,2022-06-21,55.12,58.78,54.8,58.7
836,2022-06-22,58.23,58.46,56.23,56.23
835,2022-06-23,56.23,57.35,55.76,56.31
834,2022-06-24,56.55,58.07,56.47,56.95
833,2022-06-27,57.19,57.43,55.99,56.63
832,2022-06-28,56.23,57.91,55.84,56.39
831,2022-06-29,56.23,57.91,56.23,57.59
830,2022-06-30,57.59,59.58,57.51,57.51
829,2022-07-01,57.59,58.86,57.35,58.7
828,2022-07-04,58.94,60.38,58.78,59.82
827,2022-07-05,59.98,60.06,58.15,58.23
826,2022-07-06,58.51,58.92,57.28,58.27
825,2022-07-07,58.27,60.16,57.69,60.16
824,2022-07-08,60.16,60.41,59.75,60.16
823,2022-07-11,59.5,61.56,59.34,60.16
822,2022-07-12,60.16,60.9,59.83,60.41
821,2022-07-13,60.33,60.66,59.67,59.75
820,2022-07-14,59.58,60.33,59.5,59.67
819,2022-07-15,59.67,60.16,59.01,59.01
818,2022-07-18,59.34,59.5,58.92,59.09
817,2022-07-19,59.34,60.08,59.01,60.0
816,2022-07-20,60.33,60.66,60.0,60.16
815,2022-07-21,59.75,60.66,59.5,60.33
814,2022-07-22,60.33,60.33,59.34,59.34
813,2022-07-25,59.34,60.08,59.17,60.08
812,2022-07-26,60.08,60.16,59.17,59.34
811,2022-07-27,59.34,59.83,59.17,59.5
810,2022-07-28,59.75,60.0,59.58,59.83
809,2022-07-29,59.91,60.66,59.67,60.0
808,2022-08-01,60.0,60.57,59.5,60.57
807,2022-08-02,60.49,61.15,59.91,60.49
806,2022-08-03,60.0,60.57,59.75,60.49
805,2022-08-04,60.49,60.49,60.0,60.41
804,2022-08-05,60.41,60.49,59.83,59.83
803,2022-08-08,59.75,59.75,59.42,59.5
802,2022-08-09,59.5,59.67,59.34,59.34
801,2022-08-10,59.34,59.83,59.34,59.75
800,2022-08-11,59.83,59.83,58.27,58.6
799,2022-08-12,58.51,59.25,58.51,59.25
798,2022-08-15,59.34,59.34,58.76,58.92
797,2022-08-16,59.17,59.67,59.09,59.17
796,2022-08-17,59.17,59.83,59.09,59.83
795,2022-08-18,59.83,60.66,59.83,60.49
794,2022-08-19,60.49,61.4,60.08,61.07
793,2022-08-22,61.07,61.64,60.74,60.74
792,2022-08-23,60.74,62.55,60.66,62.47
791,2022-08-24,62.47,64.53,62.47,64.03
790,2022-08-25,64.2,64.53,63.46,64.2
789,2022-08-26,64.12,64.36,62.8,63.37
788,2022-08-29,62.72,62.88,62.14,62.22
787,2022-08-30,62.22,62.96,62.22,62.63
786,2022-08-31,62.55,62.96,62.22,62.22
785,2022-09-05,62.22,64.12,62.22,63.87
784,2022-09-06,63.87,65.11,63.7,64.12
783,2022-09-07,64.12,64.12,62.39,62.39
782,2022-09-08,62.63,63.05,61.97,62.39
781,2022-09-09,62.55,63.05,62.22,62.55
780,2022-09-12,62.63,62.8,62.06,62.06
779,2022-09-13,61.97,62.63,61.97,62.39
778,2022-09-14,61.73,61.81,60.82,60.98
777,2022-09-15,61.07,61.97,61.07,61.4
776,2022-09-16,61.56,62.63,61.31,62.63
775,2022-09-19,62.3,62.39,61.73,61.97
774,2022-09-20,62.06,62.8,62.06,62.47
773,2022-09-21,62.39,63.95,62.3,63.37
772,2022-09-22,63.13,63.54,62.63,63.37
771,2022-09-23,63.46,63.7,63.05,63.21
770,2022-09-26,62.47,62.8,60.74,60.98
769,2022-09-27,61.4,61.73,59.58,59.67
768,2022-09-28,59.34,60.16,58.43,59.17
767,2022-09-29,60.08,60.57,59.5,59.91
766,2022-09-30,59.25,60.41,59.25,59.58
765,2022-10-03,59.25,59.75,58.51,58.51
764,2022-10-04,59.17,59.17,57.69,58.43
763,2022-10-05,58.51,59.34,58.51,59.01
762,2022-10-06,58.76,58.84,57.69,57.69
761,2022-10-07,57.11,58.76,54.8,57.52
760,2022-10-10,56.45,58.92,55.55,58.1
759,2022-10-11,58.1,58.92,57.36,57.85
758,2022-10-12,58.1,59.09,57.77,59.01
757,2022-10-13,58.51,60.82,58.35,60.82
756,2022-10-14,60.98,61.4,60.74,60.98
755,2022-10-17,60.82,61.89,60.74,61.07
754,2022-10-18,61.81,63.46,61.56,63.05
753,2022-10-19,62.72,63.29,62.72,63.13
752,2022-10-20,63.13,63.87,62.47,63.87
751,2022-10-21,63.87,64.61,63.05,63.46
750,2022-10-24,63.62,63.62,60.98,60.98
749,2022-10-25,61.07,63.29,61.07,62.63
748,2022-10-26,62.63,62.96,62.3,62.63
747,2022-10-27,62.63,64.69,62.63,64.69
746,2022-10-28,64.69,64.78,64.03,64.28
745,2022-10-31,64.03,64.69,63.7,64.69
744,2022-11-01,64.69,67.99,64.69,66.09
743,2022-11-02,66.09,66.18,64.53,64.53
742,2022-11-03,64.28,66.51,64.28,65.93
741,2022-11-04,65.85,66.75,64.28,65.93
740,2022-11-07,66.01,67.74,65.93,67.74
739,2022-11-08,67.74,67.91,65.6,67.91
738,2022-11-09,67.58,67.74,65.93,66.67
737,2022-11-10,66.67,66.75,63.46,64.61
736,2022-11-11,65.02,66.26,64.61,64.61
735,2022-11-14,64.28,67.58,62.72,65.11
734,2022-11-15,65.11,65.44,63.05,63.46
733,2022-11-16,62.22,64.94,60.82,61.4
732,2022-11-17,63.29,64.53,61.89,62.63
731,2022-11-18,63.46,64.12,62.39,63.46
730,2022-11-21,63.46,64.2,63.37,64.2
729,2022-11-22,63.87,66.09,63.79,65.52
728,2022-11-23,65.52,65.68,64.53,65.44
727,2022-11-24,65.11,66.92,65.02,66.92
726,2022-11-25,67.0,68.15,66.75,67.74
725,2022-11-28,67.58,68.73,67.33,67.33
724,2022-11-29,67.0,68.65,66.34,68.4
723,2022-11-30,68.4,68.4,67.17,68.24
722,2022-12-01,67.25,68.32,67.25,67.91
721,2022-12-02,67.83,69.23,67.58,69.23
720,2022-12-05,69.31,70.54,69.31,70.05
719,2022-12-06,70.05,70.13,67.99,67.99
718,2022-12-07,68.4,69.47,67.41,67.99
717,2022-12-08,68.4,69.23,66.75,66.75
716,2022-12-09,66.75,67.41,65.93,65.93
715,2022-12-12,66.18,67.5,64.61,64.69
714,2022-12-13,64.78,65.44,63.62,64.28
713,2022-12-14,65.44,65.44,63.87,63.87
712,2022-12-15,63.87,65.27,63.7,63.95
711,2022-12-16,64.03,64.94,63.95,64.28
710,2022-12-19,64.69,64.69,63.46,63.46
709,2022-12-20,63.7,65.68,63.37,64.86
708,2022-12-21,65.68,66.42,65.52,65.68
707,2022-12-22,66.52,66.69,64.59,64.59
706,2022-12-23,64.68,65.6,63.92,63.92
705,2022-12-26,64.09,65.1,63.67,63.76
704,2022-12-27,64.43,65.43,63.76,64.26
703,2022-12-28,64.34,65.43,64.26,64.59
702,2022-12-29,64.93,65.6,64.59,64.59
701,2022-12-30,65.43,65.43,63.84,63.84
700,2023-01-03,64.17,65.85,63.92,65.85
699,2023-01-04,66.02,66.52,65.94,66.52
698,2023-01-05,66.52,68.29,66.27,68.12
697,2023-01-06,67.95,68.12,66.78,66.94
696,2023-01-09,67.03,67.7,66.78,67.7
695,2023-01-10,67.87,68.37,67.61,67.95
694,2023-01-11,67.95,68.45,66.61,66.61
693,2023-01-12,67.03,67.28,66.52,67.11
692,2023-01-13,67.28,68.03,67.19,67.61
691,2023-01-16,67.61,67.78,66.61,66.61
690,2023-01-17,67.28,67.95,66.61,67.87
689,2023-01-18,67.87,68.37,67.7,68.2
688,2023-01-19,67.78,68.37,67.11,68.2
687,2023-01-27,68.29,68.7,66.78,67.11
686,2023-01-30,67.11,67.11,66.61,66.61
685,2023-01-31,66.44,66.69,64.51,64.68
684,2023-02-01,65.18,65.27,64.51,64.76
683,2023-02-02,64.93,65.01,64.34,64.34
682,2023-02-03,64.59,64.68,63.67,63.76
681,2023-02-06,63.67,65.01,63.67,64.93
680,2023-02-07,65.1,65.1,63.84,63.84
679,2023-02-08,63.92,64.26,63.5,63.59
678,2023-02-09,63.59,63.76,62.92,62.92
677,2023-02-10,62.92,63.67,62.92,63.67
676,2023-02-13,63.67,63.67,62.16,63.17
675,2023-02-14,63.17,63.5,62.41,62.66
674,2023-02-15,62.66,63.76,62.41,63.76
673,2023-02-16,63.76,64.17,63.42,64.17
672,2023-02-17,63.84,64.09,63.17,63.76
671,2023-02-20,63.76,65.01,63.34,65.01
670,2023-02-21,65.01,65.1,64.34,64.76
669,2023-02-22,64.01,64.34,63.34,63.34
668,2023-02-23,63.34,64.51,62.41,63.5
667,2023-02-24,63.5,63.76,62.5,62.66
666,2023-02-27,62.66,63.67,62.08,63.08
665,2023-02-28,63.34,63.67,63.0,63.34
664,2023-03-01,63.0,64.59,62.92,64.51
663,2023-03-02,64.51,64.51,63.84,64.17
662,2023-03-03,62.92,64.43,62.92,63.76
661,2023-03-06,63.76,64.26,62.92,62.92
660,2023-03-07,63.67,63.92,63.34,63.59
659,2023-03-08,63.08,64.17,62.92,64.17
658,2023-03-09,63.92,64.68,63.92,64.17
657,2023-03-10,64.17,64.76,63.84,64.51
656,2023-03-13,64.43,64.68,64.26,64.51
655,2023-03-14,64.01,64.51,63.42,64.26
654,2023-03-15,64.26,64.85,64.17,64.68
653,2023-03-16,64.59,64.68,63.67,64.09
652,2023-03-17,64.09,64.09,62.5,62.5
651,2023-03-20,62.92,62.92,62.16,62.33
650,2023-03-21,62.41,63.0,62.25,62.41
649,2023-03-22,62.58,62.66,62.41,62.41
648,2023-03-23,62.33,63.17,62.08,63.17
647,2023-03-24,62.92,63.34,62.75,62.92
646,2023-03-27,62.92,62.92,62.33,62.58
645,2023-03-28,62.5,63.17,62.41,62.41
644,2023-03-29,62.66,62.83,62.41,62.83
643,2023-03-30,62.66,63.25,62.58,62.92
642,2023-03-31,62.92,63.25,62.41,62.41
641,2023-04-03,62.58,62.83,62.25,62.41
640,2023-04-04,62.41,62.5,62.25,62.25
639,2023-04-05,62.25,62.75,62.16,62.5
638,2023-04-06,62.41,62.58,62.33,62.33
637,2023-04-07,62.41,62.66,62.33,62.66
636,2023-04-10,62.66,62.66,62.41,62.41
635,2023-04-11,62.33,62.5,62.16,62.41
634,2023-04-12,62.41,62.41,62.08,62.33
633,2023-04-13,62.33,62.41,61.66,61.66
632,2023-04-14,61.74,61.83,61.07,61.07
631,2023-04-17,61.07,61.15,60.15,60.15
630,2023-04-18,60.23,61.24,60.23,61.24
629,2023-04-19,61.32,61.32,60.4,60.4
628,2023-04-20,60.48,60.9,60.23,60.32
627,2023-04-21,60.4,60.4,59.39,59.48
626,2023-04-24,59.56,59.64,58.89,59.14
625,2023-04-25,59.14,59.9,58.55,58.64
624,2023-04-26,58.72,59.56,58.72,59.56
623,2023-04-27,59.56,59.56,58.3,58.3
622,2023-04-28,58.55,58.89,58.47,58.72
621,2023-05-04,58.72,58.72,57.38,57.55
620,2023-05-05,57.55,58.05,57.55,57.72
619,2023-05-08,57.88,59.06,57.88,59.06
618,2023-05-09,59.39,59.56,59.14,59.31
617,2023-05-10,59.39,59.64,59.14,59.14
616,2023-05-11,59.14,59.48,58.72,58.72
615,2023-05-12,59.06,59.06,58.3,58.39
614,2023-05-15,58.64,58.64,57.88,57.88
613,2023-05-16,57.88,58.47,57.88,58.47
612,2023-05-17,58.47,58.47,57.72,57.88
611,2023-05-18,57.88,58.72,57.46,58.05
610,2023-05-19,58.22,58.3,57.55,57.55
609,2023-05-22,57.63,57.88,57.21,57.21
608,2023-05-23,57.04,57.38,56.21,56.21
607,2023-05-24,56.29,56.54,55.45,55.62
606,2023-05-25,55.53,56.62,55.37,56.29
605,2023-05-26,56.54,57.04,56.29,56.29
604,2023-05-29,56.46,56.79,56.29,56.29
603,2023-05-30,56.29,56.54,55.79,55.79
602,2023-05-31,56.04,56.04,55.45,55.45
601,2023-06-01,55.45,55.79,55.37,55.45
600,2023-06-02,55.53,55.62,54.95,55.28
599,2023-06-05,55.79,56.37,55.53,55.79
598,2023-06-06,56.12,56.12,55.37,55.7
597,2023-06-07,55.79,55.95,55.37,55.53
596,2023-06-08,55.79,55.79,54.95,54.95
595,2023-06-09,55.03,55.79,54.95,55.2
594,2023-06-12,55.37,57.04,55.37,56.96
593,2023-06-13,57.13,57.3,56.62,56.71
592,2023-06-14,56.79,57.21,56.29,56.29
591,2023-06-15,56.46,56.54,55.53,55.62
590,2023-06-16,55.79,55.87,55.37,55.45
589,2023-06-19,55.62,55.87,55.03,55.2
588,2023-06-20,55.28,55.28,54.95,54.95
587,2023-06-21,55.03,55.62,54.95,55.62
586,2023-06-22,55.79,56.46,55.62,56.12
585,2023-06-23,56.21,58.3,56.21,57.97
584,2023-06-26,58.13,59.31,57.3,59.23
583,2023-06-27,59.39,59.39,58.39,59.14
582,2023-06-28,59.14,59.48,58.47,59.23
581,2023-06-29,59.23,60.74,58.81,60.32
580,2023-06-30,60.32,60.4,59.39,59.56
579,2023-07-03,59.64,59.9,58.97,59.31
578,2023-07-04,59.14,59.73,58.81,59.23
577,2023-07-05,59.39,59.39,58.39,58.55
576,2023-07-06,58.64,59.31,58.55,59.14
575,2023-07-07,59.31,59.73,59.06,59.48
574,2023-07-10,59.9,60.99,59.73,60.48
573,2023-07-11,60.48,61.57,60.15,61.07
572,2023-07-12,61.15,61.66,60.9,61.66
571,2023-07-13,61.57,61.91,61.15,61.32
570,2023-07-14,61.41,61.57,60.48,61.49
569,2023-07-17,61.24,61.74,60.57,60.65
568,2023-07-18,60.82,60.9,60.57,60.74
567,2023-07-19,60.82,61.24,60.74,60.9
566,2023-07-20,60.9,61.07,60.65,60.9
565,2023-07-21,60.9,61.66,60.82,61.66
564,2023-07-24,61.66,62.08,61.49,61.74
563,2023-07-25,61.74,62.66,61.32,62.5
562,2023-07-26,62.41,63.08,62.33,62.92
561,2023-07-27,62.92,63.59,62.75,63.5
560,2023-07-28,63.59,65.18,63.42,64.93
559,2023-07-31,64.85,65.77,64.76,65.43
558,2023-08-01,65.43,65.43,63.76,63.76
557,2023-08-02,63.76,64.17,63.17,63.84
556,2023-08-03,64.23,64.23,62.93,62.93
555,2023-08-04,62.84,63.28,62.41,63.28
554,2023-08-07,63.19,64.92,62.67,64.92
553,2023-08-08,64.75,64.92,64.06,64.58
552,2023-08-09,64.58,64.58,63.1,63.36
551,2023-08-10,63.36,64.14,63.19,63.36
550,2023-08-11,63.36,63.71,62.76,63.71
549,2023-08-14,63.62,63.71,62.84,63.62
548,2023-08-15,63.19,63.62,63.02,63.1
547,2023-08-16,63.1,63.71,62.84,63.36
546,2023-08-17,63.36,64.58,63.19,63.8
545,2023-08-18,63.71,64.84,62.5,63.54
544,2023-08-21,63.02,63.97,63.02,63.19
543,2023-08-22,63.45,63.45,61.63,63.02
542,2023-08-23,62.76,63.8,62.06,63.71
541,2023-08-24,63.71,64.92,63.28,64.75
540,2023-08-25,65.27,65.27,64.4,64.92
539,2023-08-28,65.01,67.7,65.01,67.52
538,2023-08-29,67.18,67.26,66.05,67.09
537,2023-08-30,66.74,68.04,66.31,67.44
536,2023-08-31,67.18,68.39,66.83,67.44
535,2023-09-05,68.04,69.78,67.7,69.43
534,2023-09-06,69.43,69.43,68.91,69.34
533,2023-09-07,69.26,69.34,68.13,68.91
532,2023-09-08,68.65,69.43,68.56,69.34
531,2023-09-11,69.34,70.3,67.26,68.91
530,2023-09-12,68.48,69.95,67.87,69.6
529,2023-09-13,69.0,69.6,68.22,68.56
528,2023-09-14,68.04,69.34,67.96,68.82
527,2023-09-15,68.82,70.38,68.48,68.91
526,2023-09-18,68.56,69.17,68.22,68.39
525,2023-09-19,68.04,68.39,67.09,68.39
524,2023-09-20,67.96,68.3,67.61,67.87
523,2023-09-21,67.7,67.87,67.0,67.61
522,2023-09-22,66.83,67.87,65.7,67.18
521,2023-09-25,66.92,68.04,66.48,67.26
520,2023-09-26,67.26,67.61,65.88,65.96
519,2023-09-27,66.14,66.4,64.84,66.4
518,2023-09-28,65.96,66.22,64.84,64.84
517,2023-09-29,65.01,66.22,64.32,64.32
516,2023-10-02,64.32,65.53,64.32,65.53
515,2023-10-03,64.66,65.1,64.06,64.14
514,2023-10-04,63.8,64.66,63.62,64.49
513,2023-10-05,64.23,64.49,63.02,63.02
512,2023-10-06,63.02,64.32,62.93,64.32
511,2023-10-09,64.14,64.23,63.8,63.88
510,2023-10-10,64.4,65.01,64.14,64.49
509,2023-10-11,64.66,64.84,64.14,64.49
508,2023-10-12,64.58,65.79,64.58,65.44
507,2023-10-13,65.36,66.14,65.01,65.7
506,2023-10-16,65.1,65.7,64.75,65.18
505,2023-10-17,65.27,65.96,64.84,64.84
504,2023-10-18,64.84,64.84,62.76,64.06
503,2023-10-19,63.62,63.62,61.46,61.89
502,2023-10-20,61.8,62.84,60.85,62.67
501,2023-10-23,62.15,62.41,60.76,60.85
500,2023-10-24,60.85,61.37,60.76,60.94
499,2023-10-25,60.94,61.37,59.81,59.81
498,2023-10-26,59.38,59.46,57.12,58.08
497,2023-10-27,58.34,58.94,57.73,58.94
496,2023-10-30,58.86,58.94,58.16,58.6
495,2023-10-31,58.86,60.24,58.6,58.94
494,2023-11-01,59.81,61.11,58.86,61.02
493,2023-11-02,61.11,61.46,60.5,61.46
492,2023-11-03,61.46,61.46,60.5,60.68
491,2023-11-06,60.85,61.98,60.76,61.54
490,2023-11-07,61.11,61.37,60.5,61.37
489,2023-11-08,61.37,61.98,60.5,61.89
488,2023-11-09,62.06,62.5,61.28,61.28
487,2023-11-10,61.37,61.37,60.33,60.33
486,2023-11-13,60.42,60.68,59.46,59.55
485,2023-11-14,59.81,60.16,59.12,59.72
484,2023-11-15,60.68,62.24,60.68,61.28
483,2023-11-16,61.2,61.8,60.59,60.94
482,2023-11-17,61.54,61.63,59.98,60.68
481,2023-11-20,59.98,60.59,59.81,60.07
480,2023-11-21,60.16,60.5,59.72,60.24
479,2023-11-22,60.24,60.85,59.81,60.16
478,2023-11-23,60.5,60.59,59.55,59.55
477,2023-11-24,59.46,59.72,58.6,59.2
476,2023-11-27,59.2,59.29,58.86,59.03
475,2023-11-28,59.03,59.38,58.51,59.38
474,2023-11-29,59.38,59.64,59.12,59.29
473,2023-11-30,59.29,59.55,58.42,58.42
472,2023-12-01,58.94,59.38,58.68,59.29
471,2023-12-04,59.38,60.24,59.29,59.64
470,2023-12-05,59.64,59.81,58.94,59.03
469,2023-12-06,59.03,59.46,59.03,59.38
468,2023-12-07,59.64,59.64,58.51,59.29
467,2023-12-08,59.29,60.07,58.94,59.81
466,2023-12-11,61.11,61.11,60.59,60.68
465,2023-12-12,60.68,60.76,59.81,60.16
464,2023-12-13,60.33,60.42,59.03,59.12
463,2023-12-14,59.29,59.72,59.12,59.29
462,2023-12-15,59.38,59.46,59.03,59.03
461,2023-12-18,59.03,59.12,58.08,58.08
460,2023-12-19,58.16,58.42,57.47,58.08
459,2023-12-20,58.08,59.12,58.08,59.03
458,2023-12-21,58.86,59.2,58.77,58.77
457,2023-12-22,58.77,59.03,58.51,58.6
456,2023-12-25,58.6,59.55,58.6,58.86
455,2023-12-26,59.2,59.38,58.94,58.94
454,2023-12-27,59.38,59.56,58.94,58.94
453,2023-12-28,58.94,59.82,58.94,59.82
452,2023-12-29,59.99,59.99,59.03,59.03
451,2024-01-02,59.56,59.82,59.29,59.64
450,2024-01-03,59.73,60.25,59.38,60.25
449,2024-01-04,60.34,60.69,60.25,60.25
448,2024-01-05,60.52,60.52,59.82,60.08
447,2024-01-08,60.25,60.34,59.56,59.56
446,2024-01-09,59.56,59.82,59.38,59.47
445,2024-01-10,59.47,59.47,58.86,58.94
444,2024-01-11,58.94,59.82,58.94,59.29
443,2024-01-12,59.03,59.29,58.51,58.68
442,2024-01-15,58.68,58.94,58.51,58.51
441,2024-01-16,58.51,58.86,58.25,58.86
440,2024-01-17,58.94,59.29,58.51,58.6
439,2024-01-18,58.77,59.21,58.77,58.86
438,2024-01-19,58.86,59.91,58.86,59.38
437,2024-01-22,59.38,59.99,59.38,59.64
436,2024-01-23,59.64,59.64,59.03,59.12
435,2024-01-24,59.21,59.38,58.68,58.77
434,2024-01-25,58.86,58.94,58.42,58.42
433,2024-01-26,58.51,58.94,58.51,58.51
432,2024-01-29,58.6,58.77,58.42,58.51
431,2024-01-30,58.77,58.77,58.42,58.42
430,2024-01-31,58.68,59.56,58.42,58.51
429,2024-02-01,58.68,59.21,58.68,58.94
428,2024-02-02,58.94,59.12,58.51,58.86
427,2024-02-05,58.86,59.56,58.68,59.38
426,2024-02-06,59.47,59.56,59.03,59.03
425,2024-02-07,59.03,59.29,58.68,59.03
424,2024-02-15,59.03,59.38,58.68,59.03
423,2024-02-16,59.21,61.39,58.94,61.13
422,2024-02-19,61.91,63.4,61.74,62.79
421,2024-02-20,62.61,63.22,62.26,62.44
420,2024-02-21,62.44,62.79,62.0,62.26
419,2024-02-22,62.26,63.49,62.09,62.53
418,2024-02-23,62.7,63.49,62.0,62.0
417,2024-02-26,62.0,62.61,61.74,62.0
416,2024-02-27,62.18,63.22,62.09,62.87
415,2024-02-28,63.22,63.4,62.44,63.05
414,2024-02-29,63.4,64.01,62.53,62.87
413,2024-03-01,62.96,62.96,62.18,62.44
412,2024-03-04,62.7,63.49,62.53,62.87
411,2024-03-05,62.87,63.75,62.61,63.75
410,2024-03-06,64.01,64.18,62.7,62.7
409,2024-03-07,62.61,62.96,62.26,62.87
408,2024-03-08,62.96,63.66,61.13,61.13
407,2024-03-11,61.56,62.26,61.13,61.39
406,2024-03-12,61.48,61.65,61.13,61.13
405,2024-03-13,61.22,61.91,61.13,61.83
404,2024-03-14,62.0,62.26,61.39,61.56
403,2024-03-15,62.01,62.01,60.77,60.86
402,2024-03-18,60.86,61.12,59.8,60.06
401,2024-03-19,60.59,60.59,59.97,59.97
400,2024-03-20,59.97,60.68,59.71,60.15
399,2024-03-21,60.33,60.59,60.06,60.51
398,2024-03-22,60.68,60.77,59.97,59.97
397,2024-03-25,60.06,60.33,59.36,59.53
396,2024-03-26,59.62,60.06,59.53,59.89
395,2024-03-27,60.15,60.15,59.71,59.89
394,2024-03-28,59.89,60.51,59.8,59.89
393,2024-03-29,60.51,60.51,59.71,59.8
392,2024-04-01,59.8,59.89,59.27,59.27
391,2024-04-02,59.27,59.62,59.0,59.53
390,2024-04-03,59.53,59.53,59.0,59.0
389,2024-04-04,59.0,60.51,59.0,60.33
388,2024-04-05,60.33,60.33,59.89,60.06
387,2024-04-08,60.15,60.15,59.18,59.27
386,2024-04-09,59.36,59.53,59.09,59.27
385,2024-04-10,59.36,59.53,59.09,59.09
384,2024-04-11,59.0,59.18,58.82,58.91
383,2024-04-12,59.09,59.36,58.91,59.0
382,2024-04-15,59.0,59.0,57.41,57.41
381,2024-04-16,57.41,57.5,55.73,56.61
380,2024-04-17,56.97,57.41,56.79,56.79
379,2024-04-19,56.79,56.97,55.99,56.79
378,2024-04-22,57.23,57.76,56.61,56.61
377,2024-04-23,56.79,56.88,55.91,56.17
376,2024-04-24,56.61,56.88,56.17,56.61
375,2024-04-25,56.61,57.32,56.52,57.23
374,2024-04-26,57.23,58.21,57.06,57.5
373,2024-05-02,57.85,57.94,57.41,57.85
372,2024-05-03,58.03,58.38,57.94,58.03
371,2024-05-06,58.21,58.74,57.94,58.21
370,2024-05-07,58.38,60.59,58.29,60.15
369,2024-05-08,60.15,60.15,59.36,60.06
368,2024-05-09,60.06,60.06,58.91,58.91
367,2024-05-10,59.0,59.71,58.47,58.82
366,2024-05-13,58.91,59.09,57.85,58.21
365,2024-05-14,58.29,59.27,58.29,58.82
364,2024-05-15,59.18,59.53,59.0,59.27
363,2024-05-16,59.36,59.89,59.27,59.44
362,2024-05-17,59.53,59.97,59.09,59.27
361,2024-05-20,59.36,59.8,58.74,58.74
360,2024-05-21,58.74,58.91,58.21,58.56
359,2024-05-22,58.74,59.0,58.21,58.21
358,2024-05-23,58.38,59.27,58.21,59.27
357,2024-05-24,59.0,59.18,58.12,58.38
356,2024-05-27,58.47,58.91,58.21,58.47
355,2024-05-28,58.65,59.53,58.47,59.09
354,2024-05-29,59.27,59.53,58.38,58.65
353,2024-05-30,58.47,58.56,57.94,58.12
352,2024-05-31,58.29,58.29,57.76,57.85
351,2024-06-03,58.21,58.91,58.12,58.47
350,2024-06-04,58.47,58.91,58.38,58.38
349,2024-06-05,58.56,61.21,58.56,60.59
348,2024-06-06,61.04,61.04,59.44,59.44
347,2024-06-07,59.8,60.68,59.71,59.97
346,2024-06-10,60.51,60.59,59.44,59.44
345,2024-06-11,59.62,59.71,58.74,58.82
344,2024-06-12,58.82,59.53,58.65,59.27
343,2024-06-13,59.27,59.62,59.09,59.18
342,2024-06-14,59.27,59.53,58.56,58.56
341,2024-06-17,58.65,58.91,58.38,58.38
340,2024-06-18,58.82,58.82,58.29,58.29
339,2024-06-19,58.38,58.38,57.59,57.76
338,2024-06-20,57.85,59.09,57.67,58.38
337,2024-06-21,58.82,59.36,58.38,58.38
336,2024-06-24,58.47,58.91,57.76,57.94
335,2024-06-25,58.21,58.56,57.94,57.94
334,2024-06-26,58.21,58.21,57.59,57.67
333,2024-06-27,57.67,58.03,57.59,57.76
332,2024-06-28,57.94,58.38,57.76,57.94
331,2024-07-01,58.21,58.38,57.76,58.38
330,2024-07-02,58.38,58.65,58.21,58.56
329,2024-07-03,58.56,58.65,58.38,58.56
328,2024-07-04,58.65,59.18,58.65,58.74
327,2024-07-05,58.74,59.71,58.74,59.44
326,2024-07-08,59.53,59.89,59.27,59.8
325,2024-07-09,59.8,59.97,59.44,59.71
324,2024-07-10,59.71,59.97,59.09,59.09
323,2024-07-11,59.18,59.27,58.65,58.65
322,2024-07-12,58.74,58.91,58.47,58.65
321,2024-07-15,58.65,59.18,58.56,58.56
320,2024-07-16,58.74,59.0,58.47,58.47
319,2024-07-17,58.56,58.82,58.03,58.12
318,2024-07-18,58.38,58.38,57.94,58.29
317,2024-07-19,58.29,58.29,57.59,57.76
316,2024-07-22,57.76,58.38,57.67,57.85
315,2024-07-23,58.03,58.65,57.94,58.29
314,2024-07-24,58.21,58.47,58.03,58.03
313,2024-07-25,58.03,58.12,57.76,58.03
312,2024-07-26,57.85,58.56,57.85,58.21
311,2024-07-29,58.56,59.8,58.29,59.44
310,2024-07-30,59.53,60.51,59.18,59.89
309,2024-07-31,60.59,63.69,60.59,63.34
308,2024-08-01,63.51,63.6,62.01,62.19
307,2024-08-02,61.92,63.6,61.92,63.25
306,2024-08-05,62.81,62.98,60.59,61.39
305,2024-08-06,62.19,64.84,61.92,64.31
304,2024-08-07,64.75,65.28,64.04,65.28
303,2024-08-08,65.37,65.81,63.87,64.31
302,2024-08-09,64.4,64.93,64.13,64.84
301,2024-08-12,64.84,65.81,64.4,64.57
300,2024-08-13,64.4,65.81,64.31,65.28
299,2024-08-14,65.46,65.55,64.84,65.46
298,2024-08-15,65.46,65.99,65.19,65.28
297,2024-08-16,65.46,65.55,64.75,65.28
296,2024-08-19,65.46,67.23,65.28,67.23
295,2024-08-20,67.23,67.41,66.61,66.87
294,2024-08-21,66.52,67.32,66.43,66.61
293,2024-08-22,67.23,67.23,65.11,65.64
292,2024-08-23,66.26,66.87,65.81,66.26
291,2024-08-26,66.26,66.34,64.84,64.93
290,2024-08-27,64.93,65.28,64.22,65.02
289,2024-08-28,65.11,65.46,64.75,65.37
288,2024-08-29,65.19,65.46,64.93,65.02
287,2024-08-30,65.11,66.17,64.93,65.37
286,2024-09-04,64.84,65.9,64.66,65.72
285,2024-09-05,65.72,66.7,65.55,66.08
284,2024-09-06,66.26,66.79,66.17,66.7
283,2024-09-09,66.43,66.43,65.64,66.17
282,2024-09-10,66.17,66.79,65.72,66.26
281,2024-09-11,66.17,66.43,65.37,65.99
280,2024-09-12,66.34,66.52,65.81,66.08
279,2024-09-13,66.17,66.17,64.49,64.49
278,2024-09-16,64.57,64.57,63.6,63.6
277,2024-09-17,63.69,64.93,63.42,64.93
276,2024-09-18,65.11,65.37,64.57,64.84
275,2024-09-19,64.84,65.02,64.57,64.84
274,2024-09-20,65.02,65.46,64.31,64.31
273,2024-09-23,64.66,64.75,64.22,64.49
272,2024-09-24,64.99,64.99,64.17,64.35
271,2024-09-25,64.35,64.44,63.71,63.71
270,2024-09-26,63.71,65.08,63.71,64.71
269,2024-09-27,64.81,65.17,64.71,64.99
268,2024-09-30,64.99,64.99,64.17,64.17
267,2024-10-01,64.26,64.71,64.17,64.17
266,2024-10-02,64.26,64.26,63.71,64.17
265,2024-10-03,64.26,64.53,63.98,64.35
264,2024-10-04,64.53,64.53,62.61,62.7
263,2024-10-07,62.88,63.43,61.42,61.42
262,2024-10-08,61.51,62.43,61.51,62.43
261,2024-10-09,62.52,62.79,62.06,62.06
260,2024-10-10,62.52,62.98,61.97,61.97
259,2024-10-11,62.33,62.43,61.79,61.97
258,2024-10-14,62.33,62.33,61.42,61.51
257,2024-10-15,61.51,61.69,61.05,61.14
256,2024-10-16,61.14,62.33,61.14,61.79
255,2024-10-17,61.88,62.15,61.6,61.88
254,2024-10-18,61.88,62.24,61.69,61.69
253,2024-10-21,61.69,62.15,61.51,61.6
252,2024-10-22,61.6,62.06,61.51,61.6
251,2024-10-23,61.6,61.88,61.51,61.6
250,2024-10-24,61.6,63.16,61.6,62.61
249,2024-10-25,62.79,62.79,62.15,62.24
248,2024-10-28,61.97,62.24,61.05,61.51
247,2024-10-29,61.6,61.6,61.14,61.33
246,2024-10-30,61.33,61.6,60.69,60.69
245,2024-10-31,60.96,60.96,59.77,60.5
244,2024-11-01,60.5,60.69,60.05,60.23
243,2024-11-04,60.32,60.96,60.05,60.05
242,2024-11-05,60.14,60.41,59.95,59.95
241,2024-11-06,60.41,60.41,59.77,60.23
240,2024-11-07,60.41,60.6,60.05,60.32
239,2024-11-08,60.41,60.6,60.05,60.14
238,2024-11-11,60.14,60.23,59.22,59.68
237,2024-11-12,59.68,60.14,59.31,59.41
236,2024-11-13,59.59,60.05,59.22,59.5
235,2024-11-14,59.5,59.5,59.22,59.5
234,2024-11-15,59.41,59.41,58.31,58.31
233,2024-11-18,58.31,58.76,57.85,57.85
232,2024-11-19,57.94,58.12,57.67,57.67
231,2024-11-20,57.67,58.4,57.57,58.22
230,2024-11-21,58.31,58.67,58.03,58.49
229,2024-11-22,58.49,59.31,58.49,58.86
228,2024-11-25,58.86,59.13,58.76,58.86
227,2024-11-26,59.04,59.5,58.95,59.31
226,2024-11-27,59.31,59.5,59.04,59.13
225,2024-11-28,59.5,59.5,59.04,59.04
224,2024-11-29,59.04,59.31,58.86,59.13
223,2024-12-02,59.13,59.31,58.76,59.04
222,2024-12-03,59.13,59.13,58.49,58.49
221,2024-12-04,58.4,58.49,57.94,57.94
220,2024-12-05,58.12,59.22,57.85,58.86
219,2024-12-06,59.04,59.31,58.67,58.67
218,2024-12-09,59.04,59.04,58.58,58.67
217,2024-12-10,58.67,58.95,58.49,58.49
216,2024-12-11,58.49,59.13,58.49,58.76
215,2024-12-12,58.76,59.41,58.76,59.13
214,2024-12-13,58.86,59.04,58.67,58.76
213,2024-12-16,58.76,59.68,58.76,59.5
212,2024-12-17,59.41,59.5,59.04,59.13
211,2024-12-18,59.5,59.59,59.22,59.22
210,2024-12-19,58.95,59.04,58.49,58.49
209,2024-12-20,58.58,59.5,58.58,59.5
208,2024-12-23,59.22,59.5,58.86,58.95
207,2024-12-24,58.95,59.22,58.67,58.86
206,2024-12-25,58.95,59.41,58.95,58.95
205,2024-12-26,59.23,59.23,58.86,58.86
204,2024-12-27,58.95,59.13,58.77,58.86
203,2024-12-30,58.67,58.77,58.4,58.4
202,2024-12-31,58.49,58.86,58.4,58.49
201,2025-01-02,58.67,58.86,58.21,58.21
200,2025-01-03,58.3,58.4,58.03,58.12
199,2025-01-06,58.12,58.3,57.66,57.66
198,2025-01-07,57.75,58.12,56.83,56.92
197,2025-01-08,57.2,57.29,56.46,56.92
196,2025-01-09,57.01,57.1,56.55,57.01
195,2025-01-10,56.92,57.1,56.55,56.55
194,2025-01-13,56.46,57.1,56.37,56.64
193,2025-01-14,56.64,57.01,56.55,56.83
192,2025-01-15,57.29,57.47,56.92,56.92
191,2025-01-16,57.47,57.75,56.92,57.1
190,2025-01-17,57.38,57.38,57.2,57.2
189,2025-01-20,57.2,57.38,56.83,57.1
188,2025-01-21,57.2,57.29,56.83,57.01
187,2025-01-22,57.2,57.2,56.83,56.83
186,2025-01-23,56.83,57.47,56.83,57.2
185,2025-01-24,57.1,57.66,57.01,57.38
184,2025-02-03,57.38,57.38,55.81,55.81
183,2025-02-04,55.91,56.18,55.35,55.54
182,2025-02-05,55.72,56.74,55.72,56.74
181,2025-02-06,56.74,56.83,55.81,56.0
180,2025-02-07,56.0,56.46,55.91,56.09
179,2025-02-10,56.46,56.46,55.91,55.91
178,2025-02-11,55.91,56.0,55.44,55.72
177,2025-02-12,55.91,56.27,55.81,56.27
176,2025-02-13,56.27,56.27,55.72,56.0
175,2025-02-14,56.0,56.0,55.63,55.63
174,2025-02-17,55.72,55.91,55.35,55.35
173,2025-02-18,55.72,55.81,55.35,55.63
172,2025-02-19,55.63,56.18,55.63,56.09
171,2025-02-20,56.18,56.18,55.91,56.0
170,2025-02-21,56.09,57.29,55.91,56.64
169,2025-02-24,56.83,58.95,56.83,58.86
168,2025-02-25,59.04,59.04,57.75,58.03
167,2025-02-26,58.12,58.49,58.03,58.21
166,2025-02-27,58.3,58.3,57.38,57.38
165,2025-02-28,57.47,58.3,57.38,57.38
164,2025-03-03,57.94,58.3,57.47,58.3
163,2025-03-04,58.3,58.86,58.03,58.58
162,2025-03-05,58.67,58.67,57.84,57.84
161,2025-03-06,57.84,58.03,57.38,58.03
160,2025-03-07,58.03,58.12,57.57,57.84
159,2025-03-10,58.12,58.12,57.66,57.66
158,2025-03-11,57.47,57.66,57.29,57.57
157,2025-03-12,57.66,57.94,57.38,57.38
156,2025-03-13,57.47,58.03,57.1,57.2
155,2025-03-14,57.57,57.84,57.29,57.29
154,2025-03-17,57.57,58.49,57.57,58.12
153,2025-03-18,58.21,58.21,57.66,57.66
152,2025-03-19,57.84,57.94,57.1,57.47
151,2025-03-20,57.38,57.38,56.55,57.01
150,2025-03-21,57.01,57.01,56.46,56.55
149,2025-03-24,56.64,57.2,56.37,56.64
148,2025-03-25,56.92,56.92,56.46,56.64
147,2025-03-26,56.74,57.1,56.46,56.46
146,2025-03-27,56.46,56.74,56.37,56.37
145,2025-03-28,56.27,56.37,55.54,55.63
144,2025-03-31,56.09,56.83,55.91,55.91
143,2025-04-01,56.46,56.46,55.63,56.09
142,2025-04-02,56.0,56.64,55.81,55.81
141,2025-04-03,54.89,54.98,51.94,52.12
140,2025-04-04,49.82,54.24,49.63,53.97
139,2025-04-08,52.31,52.49,50.28,50.28
138,2025-04-09,47.42,50.92,47.42,47.97
137,2025-04-10,51.29,51.29,51.29,51.29
136,2025-04-11,51.29,53.88,51.29,53.05
135,2025-04-14,53.41,53.41,52.12,52.49
134,2025-04-15,52.31,53.05,51.94,51.94
133,2025-04-16,52.03,52.77,51.66,51.66
132,2025-04-17,51.2,52.22,50.55,51.66
131,2025-04-18,52.31,52.86,52.22,52.22
130,2025-04-21,52.4,52.68,52.12,52.31
129,2025-04-22,52.22,52.22,49.72,51.66
128,2025-04-23,52.4,52.86,52.03,52.03
127,2025-04-24,52.12,52.4,51.85,51.94
126,2025-04-25,52.12,53.78,52.12,53.78
125,2025-04-28,53.78,53.78,53.05,53.05
124,2025-04-29,53.05,53.41,52.77,53.14
123,2025-05-05,53.05,53.14,52.49,52.49
122,2025-05-06,52.58,52.95,52.49,52.49
121,2025-05-07,52.49,53.23,52.49,52.77
120,2025-05-08,52.77,53.32,52.77,52.95
119,2025-05-09,53.23,54.06,53.23,53.23
118,2025-05-12,53.51,54.15,53.51,54.06
117,2025-05-13,54.34,54.43,53.78,53.97
116,2025-05-14,54.45,54.45,53.59,53.68
115,2025-05-15,53.68,54.45,53.68,54.26
114,2025-05-16,54.26,54.26,53.68,53.68
113,2025-05-19,53.68,54.45,53.49,53.49
112,2025-05-20,53.59,53.78,53.3,53.4
111,2025-05-21,53.49,53.49,52.92,52.92
110,2025-05-22,52.92,53.11,52.54,52.54
109,2025-05-23,52.73,53.01,52.63,52.82
108,2025-05-26,52.92,53.3,52.54,53.2
107,2025-05-27,53.4,53.49,52.82,52.92
106,2025-05-28,53.2,53.2,52.63,52.73
105,2025-05-29,53.01,53.01,52.63,52.63
104,2025-05-30,52.92,52.92,52.34,52.44
103,2025-06-02,52.44,52.73,52.06,52.15
102,2025-06-03,52.25,53.49,52.25,53.01
101,2025-06-04,53.3,55.21,53.01,54.35
100,2025-06-05,54.45,54.54,53.78,53.78
99,2025-06-06,53.87,53.87,52.63,52.82
98,2025-06-09,52.92,53.78,52.82,52.82
97,2025-06-10,53.01,53.59,52.63,52.82
96,2025-06-11,52.82,53.11,52.63,52.73
95,2025-06-12,53.11,53.68,53.01,53.4
94,2025-06-13,53.01,53.2,52.73,53.01
93,2025-06-16,52.92,54.06,52.92,53.78
92,2025-06-17,53.87,54.16,53.59,53.68
91,2025-06-18,53.78,54.26,53.49,53.49
90,2025-06-19,53.49,53.87,53.2,53.59
89,2025-06-20,53.78,54.16,53.4,54.06
88,2025-06-23,53.49,53.87,53.3,53.4
87,2025-06-24,53.68,53.97,53.59,53.87
86,2025-06-25,53.97,55.21,53.87,54.26
85,2025-06-26,54.26,54.45,53.78,53.87
84,2025-06-27,54.26,55.97,53.78,55.21
83,2025-06-30,55.5,56.07,55.31,55.4
82,2025-07-01,55.78,55.78,54.64,54.92
81,2025-07-02,55.02,55.4,54.73,55.12
80,2025-07-03,55.12,55.78,54.73,54.92
79,2025-07-04,54.92,55.31,54.73,55.21
78,2025-07-07,55.4,55.69,55.12,55.31
77,2025-07-08,55.4,56.55,55.31,56.36
76,2025-07-09,56.64,57.89,56.45,57.5
75,2025-07-10,57.79,57.89,57.03,57.03
74,2025-07-11,57.6,58.08,57.12,57.12
73,2025-07-14,57.31,58.08,56.64,57.6
72,2025-07-15,57.89,58.46,57.41,57.41
71,2025-07-16,57.31,57.5,56.93,57.41
70,2025-07-17,57.6,57.89,57.12,57.41
69,2025-07-18,57.41,58.36,57.31,57.5
68,2025-07-21,57.6,58.08,57.31,57.31
67,2025-07-22,57.31,57.5,56.83,57.5
66,2025-07-23,57.69,58.94,57.5,58.94
65,2025-07-24,59.32,61.13,59.32,60.85
64,2025-07-25,60.94,60.94,60.27,60.37
63,2025-07-28,60.46,61.04,60.18,60.46
62,2025-07-29,60.46,61.32,59.99,60.37
61,2025-07-30,60.18,60.66,59.99,60.08
60,2025-07-31,60.18,60.66,57.69,58.46
59,2025-08-01,58.65,58.65,57.31,57.31
58,2025-08-04,57.12,58.08,57.12,57.69
57,2025-08-05,57.79,58.74,57.31,57.41
56,2025-08-06,57.69,58.94,57.69,58.55
55,2025-08-07,59.13,59.22,58.08,58.17
54,2025-08-08,58.27,59.03,57.89,58.08
53,2025-08-11,58.27,59.32,58.17,58.74
52,2025-08-12,59.32,59.6,58.65,59.03
51,2025-08-13,59.22,59.32,58.08,58.36
50,2025-08-14,58.55,59.41,58.27,58.94
49,2025-08-15,59.22,59.41,58.27,58.27
48,2025-08-18,58.36,58.55,57.89,57.98
47,2025-08-19,58.08,58.46,57.69,57.79
46,2025-08-20,57.79,58.17,56.93,57.31
45,2025-08-21,57.41,58.17,56.93,57.41
44,2025-08-22,57.12,57.22,55.88,56.07
43,2025-08-25,56.26,56.93,56.07,56.07
42,2025-08-26,55.97,57.41,55.88,57.03
41,2025-08-27,57.03,58.46,56.83,57.79
40,2025-08-28,58.27,58.74,57.98,58.27
39,2025-08-29,58.55,58.55,57.6,57.6
38,2025-09-03,57.6,58.74,57.6,58.74
37,2025-09-04,58.94,59.7,58.74,59.03
36,2025-09-05,59.13,59.22,58.17,58.17
35,2025-09-08,58.17,59.13,57.89,57.89
34,2025-09-09,57.89,58.27,57.41,57.6
33,2025-09-10,57.79,57.89,57.03,57.12
32,2025-09-11,57.12,58.46,56.74,58.46
31,2025-09-12,58.55,60.66,58.27,60.37
30,2025-09-15,60.56,60.66,59.99,60.27
29,2025-09-16,60.66,62.47,60.37,61.8
28,2025-09-17,61.9,63.23,61.9,62.18
27,2025-09-18,62.18,62.37,60.66,60.75
26,2025-09-19,60.94,61.04,59.22,59.22
25,2025-09-22,59.32,59.99,58.65,58.65
24,2025-09-23,58.74,59.7,58.74,58.84
23,2025-09-24,59.13,59.22,58.27,59.22
22,2025-09-25,59.51,59.6,58.74,58.74
21,2025-09-26,58.74,59.03,58.36,58.36
20,2025-09-29,58.36,58.46,57.5,57.6
19,2025-09-30,57.69,58.08,57.31,57.31
18,2025-10-01,57.98,59.7,57.5,59.32
17,2025-10-02,59.7,59.8,58.46,58.46
16,2025-10-03,58.55,59.51,58.46,58.55
15,2025-10-06,59.89,59.89,59.03,59.6
14,2025-10-07,59.89,59.89,58.65,58.65
13,2025-10-08,59.51,60.66,58.94,60.56
12,2025-10-09,60.56,60.66,59.8,60.08
11,2025-10-10,60.56,60.56,59.6,59.6
10,2025-10-13,59.41,61.23,59.03,61.13
9,2025-10-14,61.51,61.51,60.46,60.66
8,2025-10-15,60.94,61.51,60.75,60.75
7,2025-10-16,60.8,61.2,60.2,61.2
6,2025-10-17,61.0,61.2,58.8,58.8
5,2025-10-20,58.9,59.4,55.0,55.0
4,2025-10-21,56.1,58.0,56.1,56.5
3,2025-10-22,57.1,57.3,55.7,56.3
2,2025-10-23,56.5,57.1,56.3,56.6
1,2025-10-24,56.9,58.1,56.1,58.1
